4537266
4524988
3285877 
1168901
101143
1039386 
509652
174802
4540937
4538317
1284017
425115
4542160
422155
711438
1024908
534954
4516447
4545395
4507174
1384153
390456
4511410
4545765
248090
273371
4514747
4511107
4502389
607837
158444
4502485
4523718
407054
4546355
125970
4525432
4552984
4553347
4502145
4539186
4528097
3851514
607850
4504028
4529909
4513690
218324
4507865
4530287
4523301
164480
4510436
501139
4507666
4569218
4511454
240744
4542045
303436
111959
4527459
220739
1258622
4513657
4562822
4544947
4524979
4508211
4524890
169520
298965
4534411
4545655
1888729
4503092
4557595
322797
4566665
162339
323788
4507615
4608478
4502409
150199
4521775
4576627
4577534
4503002
390246
4523098
256773
281031
630512
268304
4514105
109845
483468
4539732
191877
4502361
500079
3147431
4509357
1130709
4550902
143936
246275
329389
4561169
4502506
275634
377566
4504721
4548539
561758
4502150
4550028
1324068
4572002
4504173
4549885
423605
493691
4543666
695292
128757
188282
4570733
4527266
4502034
3669079
1878711
4545515
4572322
4502232
906867
1062500
4514004
4537266
1039386
4524988
128699
3285877
997810
4508301
101143
4512435
4522339
1168901
578854
2081294
264339
160895
4576950
393203
458049
104744
563408
1053518
4582637
4587509
208209
2056406
4502193
4510429
663904
4545248
4505071
1241908
4503594
144090
4543130
4566725
4540937
4550366
199770
174802
660115
509652
4542160
576947
4519969
1284017
4529032
534954
4604358
4516447
711438
1344262
104865
422155
4523935
390456
321964
4545765
4509174
4509427
188282
607850
4503002
248090
158444
4503668
125970
1070126
4523718
4510478
607837
4553347
208075
191877
4540781
4514747
4502504
1056964
913252
449279
4536944
273371
268106
151145
4572322
4570733
148366
4529669
904138
140417
122104
640456
1929559
197765
1805757
4506751
4502145
1130709
175986
298965
164480
253262
275634
4531299
255212
1072801
159928
4537896
500079
1097115
318080
4504822
4530287
4552243
4546264
4543666
4578568
256799
4550752
4529909
4580953
4507366
4532740
154425
4608293
162339
4515409
4508854
4549225
4586217
243024
4514206
4503590
855572
4542050
4502409
4576627
1840329
4519114
431287
607288
279462
4551103
4575023
4608413
305352
4539076
4576218
648974
4555399
4578650
4523913
227712
4508171
179582
4532295
1823066
4562903
1716079
245485
1718217
108889
342683
4564673
347067
4548539
4506746
1065461
4564647
4511454
4559006
141346
4507139
4528225
4505750
4608324
908205
4528875
4577534
168670
653552
281031
666547
4520304
150356
4543742
302066
4560828
493691
119935
4510645
4507666
1004845
843647
160908
1052808
707623
169409
108673
328247
189755
201778
268696
4549885
4540398
1884603
4535068
1110375
4570571
4523710
4503792
182901
119666
4539186
1359470
4540754
1046086
627697
4546777
4502361
671905
422688
4522176
191509
335165
341060
4584810
4509243
4555948
995629
4508491
106001
191817
1044438
4528097
4552284
268304
4544593
501808
4503809
321404
486621
268532
4578578
4501979
158550
983307
4570904
155712
4526586
4514004
4524890
4510840
905054
312989
507040
4512693
104231
4523626
4540941
4505767
347748
1101094
501139
445581
4608393
571547
4506875
4513657
1074740
4608299
150111
124924
148759
163345
4505839
4505442
4534411
137716
4516470
4522811
4579981
4525432
140460
1164186
1097779
3063905
176313
251686
767150
443126
4553236
320790
2090301
280371
1347513
4537282
4521645
129115
4545682
4510443
208191
1306987
2127019
1390569
4524179
4533339
4542912
168117
4509357
333964
189060
4525873
178053
4608250
131661
908464
4534334
146957
199798
4523779
101893
4547099
4529951
302568
4527375
637658
160750
246602
1264650
4551333
4541840
4512936
4516011
590319
427109
1358245
261477
1316256
4524998
4512979
4562081
1389670
4563504
4545458
4505884
177963
1055449
4566665
4528904
1064859
4542045
152264
4513690
122552
645420
198540
4560637
652310
232694
4510277
641420
4558715
217113
1993695
4565914
575580
4508932
150964
4539116
4587212
423114
647317
4531765
139199
374856
4568687
4505925
225467
4539740
4555775
4524979
404228
483136
244129
226211
101311
4506209
4099761
4608188
4549845
1986852
133249
923205
4503235
432787
243459
4608352
4523669
4502598
4502506
243729
346082
195732
301893
589300
451830
4514938
4503676
677784
554926
4502485
223533
573172
261385
761946
4505209
464698
4504184
4505181
4514884
4502613
486098
259424
4539732
912402
327105
4538983
1765707
253009
200701
4511882
4544597
4503277
242214
1041089
206286
1021977
4540899
1313080
4511253
1178214
4525872
157158
118179
729090
260679
4522499
4551361
728930
4515898
246074
308069
4504028
183459
2713673
257945
512327
1288976
167777
100025
4567912
4566208
324038
586721
905954
4523871
165838
4562822
1731817
4505339
572451
180341
4523301
255507
4558439
663859
173939
4510874
4535386
4564418
4521588
4506304
359336
131670
4505763
2275346
4536158
106018
1121909
649431
636697
4560664
2051918
4608334
133360
4502621
1270260
4505912
4535361
4502119
254394
4508712
4521775
626264
4539752
4505533
4502077
291327
2009716
275515
372126
104018
1074580
380825
4545655
341240
458263
117819
422970
4511489
218324
4520175
123636
316546
165520
4542908
1055874
4587426
4507174
322797
4519764
183571
165980
4587525
209072
120397
712244
148725
4553434
247442
377566
1284020
730814
243856
4548057
4523033
1133745
4506326
1026723
262388
1039386
4561768
1344262
1168901
4538422
4507615
128699
1384153
410773
390456
458049
4528097
4503924
4534365
434266
323788
4587509
122104
4505209
4556606
1148848
176313
191509
4523626
314036
4503809
4502357
4522179
282866
2056838
4541662
104782
573172
135005
4504184
4540899
4551361
4531299
4578293
4513024
4518913
174988
483468
500079
4559006
4503668
4527234
4514004
453312
4608209
4502389
1120903
644987
4526168
275232
296729
4584692
2292382
4503774
419642
4583390
256773
201354
4517398
2048794
4545894
104865
284918
4502716
4530317
211005
109845
177565
1750987
4552153
4514884
4577980
129401
4507047
4577534
166609
4580057
4559917
4521370
4509296
253978
1130130
1105146
4530467
918526
4559976
277287
311994
4534938
323693
4505926
442022
4514751
730999
4608249
4576524
4588330
426780
340322
1052243
484855
4511787
449168
191769
502907
1122748
1063591
4510376
4566665
172192
455751
4502775
1152910
319728
238461
1383647
1994456
2251475
772843
4554019
275634
1148501
580396
4523917
4539600
4502263
146473
972971
4545515
338220
485602
155605
490898
4528595
165993
1728006
1247629
4549566
108266
4537005
1030617
4502506
4502598
4528978
4516063
4509243
4502485
475357
4549535
162060
4084778
4556323
844590
4544265
1150980
319649
4506704
117307
100025
332694
4504750
4522624
160928
298965
173034
916089
4548691
2090646
4505931
273371
4566385
449279
4548157
4504078
184609
256799
117090
168454
1129559
4510542
101143
4505493
792649
1006624
4521489
143505
946375
4608187
4583722
303045
149711
2045530
491037
281519
346483
4561113
405764
153571
430001
3668970
148366
366834
1006255
430950
1716692
315195
139603
4510362
4502020
111329
4520846
931382
202577
4525432
4503250
4526187
4092984
4510429
4556848
676814
1312910
340657
131196
4521563
212253
4502285
197148
171584
1133838
4504064
4549225
201959
923205
4508977
4534736
134569
160638
261665
4551626
102872
4526926
150602
241704
348959
367394
4505839
1024908
4559713
4515898
4531460
2048115
186461
4532645
247341
499820
1033852
185666
308993
320790
256698
4570571
4512099
145451
262390
469965
4518729
264339
4515247
4542846
110109
4503277
1337565
4508676
4505023
256818
4562083
259388
1365722
269807
4523273
4530287
4550338
4572806
1746132
4608299
4553728
4549943
689537
4608347
4505977
4567460
280811
486903
261504
231942
4545005
4540907
150199
4539180
4510589
259719
4555330
239350
262832
1358245
233995
101311
147093
1154333
182223
226265
4544597
262370
4526430
1284020
1244358
144090
436124
4558792
4504796
240744
350509
4567860
332407
135446
269358
2220692
4568043
4502773
264085
4572032
1145282
874871
4503032
160938
4509387
149744
157556
4567127
301893
4539029
242214
126770
1130005
4505545
4532051
288350
358424
4528620
262367
324038
1129797
1120467
288738
4545458
4502579
4550936
143696
361064
1016609
254875
4501960
4521432
571547
112424
1796213
4503792
171799
4515467
659348
4553971
4521936
4571626
322491
4529669
183357
1024290
4540407
4502932
1339544
116197
586712
914364
4512834
4502037
112478
408664
4548057
310605
4542537
223772
1149861
1085066
345168
1741096
148719
156668
180834
253454
110563
4509522
2367618
2414090
237519
728552
165511
272292
577064
4550261
2034654
114634
4505884
4556235
4547916
4557854
913729
290975
4522981
1981407
4505763
4526616
4513919
132359
4540792
337434
1167823
429368
185033
4548837
182663
458248
4502390
4504169
4530984
4514553
3075246
1247632
1008532
4512435
1056614
4517342
300536
261051
4519698
4537790
1827383
1119829
4539023
4516890
4508171
1097632
505783
4545674
302568
4516138
4523935
4550442
4507816
151025
4502570
1046710
1000137
4526656
4567710
198606
191877
1253724
4540836
4529817
197422
268691
253073
308211
4528641
4533072
286174
219060
164586
692746
4582388
4554441
2053767
4534128
4579008
4522193
4525765
545353
4516052
2109476
372761
4546693
4553941
233382
263924
136877
331783
108281
4528132
4540437
165572
191172
908439
369446
251119
446928
1909645
219073
4511667
659025
228743
4536944
4506613
203216
349238
633261
1075109
432787
4549869
350894
1323927
1101094
202437
4512240
3844593
4528225
331117
4502830
4522004
4508762
4530031
4544303
100813
584072
4507114
127007
130772
302769
1736531
4520304
4528237
1152677
131587
119761
4521645
181528
4528200
167609
4524139
172444
131545
4532117
229241
4542702
4102202
4563653
4553151
1129966
3817176
289319
223800
1041460
995629
280840
293811
392225
4502586
4588333
3742872
241180
4537331
4522071
2213922
4514680
4543284
1055716
511069
143936
4514938
1359738
1049246
2031628
309727
1050483
122552
303297
209278
4521629
394104
4502585
4506746
370070
1313248
4608413
324272
205548
4534810
4540812
4520124
907770
4504721
150552
185146
2629853
147593
350655
1041435
1083057
913461
161698
2050125
307208
4502151
545547
152809
118117
149712
