1039386
4608209
128699
342808
997810
4528877
4512435
4549262
2081294
458049
1344262
4516920
1384153
4502598
390456
4587509
607837
4513690
4540792
1828184
199770
660115
1070126
4510990
688281
176313
146144
500079
329389
1324068
4526928
4543666
4545515
140202
4572322
4514004
4514008
4523301
4566480
4523626
100025
4550366
4528097
4519969
323788
4543605
4504721
493691
916089
416293
4543130
355947
281336
109845
193039
259764
347325
4584692
320790
390246
874871
4576950
4523935
2044327
1241908
1805757
298965
101143
256799
4503590
4576627
4543742
165838
607288
4502225
4525653
201778
4562829
4526926
393203
1043911
4562822
4517336
133249
133255
407057
178515
4608187
4582637
567838
634788
222540
168454
4544620
101185
113782
4526096
4581885
1828653
2109476
191877
301441
3668970
1152885
4514553
3739707
638519
4507666
241326
607850
208209
4524479
4513657
4539732
4505839
1052808
1097779
4505071
151791
4566665
100999
4586460
4578578
4570904
4524890
4530716
347748
4578254
501139
440169
4572325
4530287
686964
4570571
4608299
148759
4534411
4511882
767150
4525432
4568193
280371
569380
193841
590991
206286
210132
4502624
4503002
229363
135826
4542045
217113
4507834
4539116
101311
4608188
486098
281031
348079
346897
