424175
101311
1384153
4531299
2081294
493691
4564673
563408
4512435
1039386
4608209
4513690
4540792
4584692
4514457
4582132
4576950
152809
4537266
4502389
4510990
688281
313141
1781080
237488
4568876
1042608
4504184
633261
607288
4508171
348272
323788
4608358
234533
234536
145451
4528097
4570571
4528225
2069583
1324068
4526928
4514884
4520175
234252
799466
4532740
491037
4608415
607850
607837
4502598
4571364
4527234
4534365
4562822
4576627
4572322
255507
4522294
4503668
4543693
4502034
4548691
4502504
4587509
4513024
4502573
4502361
4502363
4550366
4538422
167784
455932
101752
555242
2501103
4527203
340747
247631
174002
4519538
4516063
1988420
271887
154375
2043560
133255
4578578
417158
627697
4563419
4544564
452571
1244358
1323281
320934
4608319
4608315
500079
2053767
1055874
527618
554926
4608327
4515898
291796
2034654
116310
644987
524378
201778
4570904
102637
108281
253607
4608461
4534704
4536944
1030617
1154394
4548298
1074740
169239
