4526460
4502438
291796
121076
4561169
563485
4524890
4530716
4531489
4539186
4507834
4523935
4504721
350894
261504
4512099
301477
371045
431269
165838
4503002
1157658
4576950
4509243
1731817
4523033
306907
4569211
377566
423605
4520175
341240
4519114
4578650
108640
4534365
199770
349238
4514884
4562083
289421
1827814
229363
358226
140977
301578
1023821
140782
4510429
4579885
128699
127949
4508712
4508714
142947
4572002
4543130
4502927
4504478
284918
270525
4509296
1087336
652070
137290
4503311
4562581
4513919
3851514
4506209
4545980
100999
241158
4564157
4508542
4540878
104865
4504974
4543437
266392
4502127
161873
1157828
4507568
4540886
4563419
135826
148759
4520817
1044438
4557595
4550028
4522811
308707
146144
152809
4510018
347340
204086
4507615
4520304
4572806
201939
575580
4514721
315565
4578254
205548
4505977
4513657
4529951
1322749
4525872
491313
180261
102872
4508484
4566803
4579999
4527234
4510841
325495
4507174
4510277
347748
314036
4524979
310959
1052808
234533
193039
