4502485
152177
4502389
4541662
4545820
135005
319728
4503676
154425
4537536
238461
4504184
4530739
4502037
4516063
347748
4578254
4502438
4572002
533222
142947
4502506
4522071
201941
4502361
4553352
4505977
4548691
102872
201354
122104
4525432
4568193
4577980
620438
217100
4503809
251119
4572322
4513690
4502504
645653
1063337
310611
144090
261401
4502077
4510542
4520846
1809466
201939
4514851
4502038
4502473
4588330
4534589
1012880
348693
4503792
4513691
4572325
154658
4539251
567838
4518921
104782
440341
357254
544414
430001
4579395
4523626
4515114
4530317
133255
4510439
4505884
155813
4546038
4547916
175580
1080749
410773
4504080
4530878
4530062
4512947
4523917
4505931
4528978
4578578
4549022
4502034
452573
4554019
4546030
4546034
151355
4502716
4513198
436010
4508712
4508714
4566385
256818
216235
156668
306730
184595
4502775
100050
447940
178051
268735
4503311
1157506
4554600
4556606
501139
4508211
186031
4545515
4505926
916106
1007016
4502160
4511787
1081914
4502119
