6082808
26698660
1770782
4820710
26986954
26704403
5431784
10594787
26853356
1858513
27029890
6781808
26657570
26957760
27045888
26425831
1068920
26878124
26695174
4908885
27006492
3823070
27035185
27042830
1856494
2035162
1017143
27042344
1084336
26295448
27068817
26279019
2035171
1863930
27026379
26975609
26818878
26893260
26630480
2035179
26672693
26701959
4187411
1829226
3608208
6789605
26340138
2143732
27052521
26657740
26382433
27056383
1092168
27025715
26831234
1865089
3406401
2154960
1400705
1062343
26892080
1085860
1440972
3836566
1083428
26703649
1039840
26998358
6800379
26120130
27020528
1424741
1083762
26900889
1316648
1045818
1086249
26357614
1431870
25884880
26712441
6781794
26811138
20428302
26394018
26981441
4010969
26356515
24934182
4105446
24382569
27035254
10774752
1321789
27007881
11584574
27003600
26451351
1008988
26837288
4071859
3673771
1442869
26371317
20441569
25826936
1092335
10560798
1038196
2136484
20392523
27065235
26710042
1465324
26598807
26607924
1066165
3056877
6857344
1082584
11528350
26993666
1022632
1119522
1917972
26819479
1013469
5993314
26053771
4826530
3831788
27004926
1013225
1418058
26275572
26840830
26431326
2056749
26984949
26943606
26945641
26869695
5366382
27012140
3402999
26269845
3826899
26905360
25985982
10569619
1336330
1040771
5958726
26631867
4908872
26939261
25952961
10512236
3899039
1051193
26276924
26819342
1064841
4714015
27081345
1213546
26794598
26956486
26819481
26640439
10759466
3888110
2245449
1049957
26300508
5920385
26593670
21979017
1469878
4882159
6746290
2158684
26765928
21346008
6879215
1041007
26732624
1016429
4737325
26878908
26862626
4154988
26907173
27045297
19962936
3335362
4120475
27079096
26877273
1007772
3003477
2042633
1851385
26642866
2165076
26954392
3315879
26864983
10768068
4882023
26952226
2194123
1013380
25985126
6789551
27030789
1417385
2212371
3393056
26794876
25924242
26356948
10764013
6440343
26682066
1849791
1024197
6016234
5410174
1045365
27054027
10565151
1056023
26823134
25724491
26853742
1205370
1525761
26577690
24525766
26801361
3594151
26928435
10473355
1046209
26642648
3640067
3326892
4245064
27082538
25779593
26835827
26384735
1321790
21329239
26591790
3316438
4881998
20326626
27006492
27045888
5431784
3823070
27035185
27042830
1437488
26594676
3537590
1040211
2170030
5383804
1062694
25955853
20515828
26870453
25880365
1010472
2295912
1083477
4143051
3926717
26948155
26791409
25977520
1874411
26640091
1868698
26323408
26298590
26591590
26808761
2061644
25831096
4175473
3327495
3649661
10746177
2136135
2146279
26262141
3003258
1434071
1041128
26971527
26844525
1088812
26723433
26390426
27043711
27008864
2036569
1063796
3098548
1400707
2228707
5321895
26849452
26666138
1917078
26826605
2254615
26591906
4105444
1417878
26276279
10555486
26602467
27073403
1962078
2669319
26667282
1212469
2131426
26676528
1771464
3266345
26765930
27064860
1051714
4213981
1067293
27071457
10583075
27081920
26689063
6861087
25870629
4202422
10546888
1005918
1085021
2042629
3733083
26431618
2973335
25747874
26752646
3821057
2251691
1055234
26892088
26653000
26854223
1088418
3783409
1048173
4246979
27073501
2969263
26022097
2032523
2302217
25699387
26866448
25774978
1085470
25841074
26657701
6861517
10763918
1482496
26944471
1079252
1076330
26264210
1768642
1007952
1883353
26892159
2980471
2139305
3138839
1051524
26938056
27073507
2093212
1035478
11604737
1082946
1291199
3765092
1982200
10564102
10483439
1045352
1043008
1016486
3190550
2193877
1089049
26837789
6539917
4621099
26810715
1837654
1468997
26297872
27006491
27003797
26861447
1006991
5940829
1159939
1064707
25959838
25986620
1174721
10749924
5381541
26677797
26893262
3129584
4292149
26763171
1894740
3826293
6974199
26716997
25796061
4105424
20473505
6085413
20392525
26983143
1315844
10598170
20493367
27042271
3151990
3246904
10522844
27044645
26253801
1083429
26888764
2160292
27078961
1042006
5988558
6310320
26276923
24856615
27078321
5326883
26896859
1034066
1071241
26910593
26266067
26902259
2301475
2721880
26779789
2073481
26342182
1001136
20444771
26286330
27043783
19950785
4151134
26969635
1451270
2296687
26980356
1760730
26871658
4105439
19950784
5921802
1047138
1331454
24875416
1960035
27003599
2364762
2280027
25808056
2174410
26602780
1026916
26110579
25919825
6060418
10563555
1012637
26728131
24719080
1006197
1427288
10794550
1064828
3127852
26902280
3010128
5448179
1255288
1052828
27006493
1430657
2214350
5391766
27068696
2033688
27059874
10345585
26840109
1926728
5406557
1075371
6560651
4266008
6041708
3402988
1083317
24861167
1950154
1074155
3136267
26792804
1438394
1767750
1039487
26835895
26871656
27028222
1011228
21778349
6041086
26986509
4732188
4247000
3324036
27088801
25986497
2062599
1005255
1023709
3643270
4619135
1082147
2996596
25829274
20425433
2073345
26346222
1057197
27017251
2243692
2255871
6010144
1242927
4152770
26936017
26955196
1603984
26412776
6791412
2375988
1040397
5980585
5394486
21681263
26910989
26742636
26959630
6844341
27072817
20370889
5299919
24851826
24107596
1363379
27065431
1882915
3215997
3263006
1013502
5993310
26286751
26310659
24523682
26377363
2283762
27087311
3689118
4121656
3003466
26372186
10512506
1426852
10604943
1852700
3174506
26695251
25708977
26756561
25733467
20435635
1316652
3861531
26848050
25801080
27049049
1373788
1461987
26789635
1083435
27060680
1279212
3871911
1329403
1025336
10774932
27050466
26718529
24872823
1535600
1440243
20425439
26909081
26938857
1077638
26375108
21993104
2267630
1455933
5383175
4233385
1950749
3765331
4898547
27015443
2568067
2003092
26430928
26248587
25837539
3024319
20380988
4869637
27063968
1084794
26258374
26982527
26274359
5404221
25940556
1030554
1041896
5419801
10764363
26910978
26834592
4732123
26916869
1430530
26911045
1105150
25829693
1016003
4198469
3006581
26802228
