3369793
26984264
4151117
1073349
5269439
26791998
3642673
27027055
26945615
2240482
25783249
1061242
27012054
26587564
1050339
6937888
1056461
25762598
26642648
4159088
27060588
27046285
27061132
27068072
27068073
27046066
26958757
1449352
26272073
1007196
1460313
27054214
1288925
6529759
26998071
1036490
1079838
27077819
26894367
1492634
26849123
2042633
1980436
1003986
27011129
3740431
2256438
4905854
3054373
2068249
3880832
26646456
2301475
1915958
26390229
2988943
26685539
2136140
3369600
3339812
1311280
26995535
1933931
25774772
3018322
26761291
27039545
25787364
1041414
1022783
26798331
3311009
3393056
5908161
27068070
11505930
21346636
5299919
4059800
3607117
2257188
10607710
27052079
1041896
1401795
25982254
4212607
20413794
2165057
21770836
1030052
27053578
1760548
26828226
5336240
3606804
25909080
1734830
1888215
6440324
4912688
27068071
26884467
27013387
26775414
26775412
1291570
1963395
20375477
11602263
3698217
3713237
2339950
26639786
1491239
3621542
1054889
26263052
1008732
26785701
1906681
10834769
1856285
10440147
20433605
27052265
3521168
25849895
1987453
3464389
3071717
3333989
3698390
5275500
1049688
6041686
25975888
4917641
6392678
4120485
1049361
1070246
2075175
1479703
25735727
2382705
27008644
26665498
6002887
1072189
26865082
11535030
10875996
6088152
26997210
26662549
1794844
6974199
26975206
6783708
4169341
1870555
3003475
26934626
6844469
26372186
1077196
25898124
25803923
26830671
1004539
25776456
1819978
26726972
1028201
2156168
26775415
1020241
2254582
25816576
26593903
6967980
26313575
1949417
11614503
26363718
1491630
26976240
11602267
1489494
1001204
26278884
1004719
27043508
1427754
26828229
26897263
3621252
26637781
3323311
27039683
1023000
3225748
1483001
4859582
1398461
20453483
27086025
26577701
27030913
11602265
1059378
5982380
1063190
1056968
25874670
20433556
1070899
1045201
3410797
23765239
1721111
3464792
23780549
1149495
3711733
2034893
1069805
26974162
5419801
1006881
1033843
26710589
26300028
3999563
26433664
26682087
25887874
5383175
24870163
1060489
2294993
27060588
27046285
27061132
27068072
27068073
27046066
4238299
1484695
26949395
26861753
2339264
24849840
1032672
25944419
26989721
25908110
26416549
27011818
3297098
1460596
1082305
5327697
20452319
25744944
25889953
25935075
3652211
20394952
26985499
26315075
25699117
1925111
25935074
26270255
10517247
7175432
4154558
26775411
4905953
1065239
1916929
1070985
3410812
2209227
5402205
1047719
25776749
26693234
4917570
26925068
27052524
1220904
6864274
7051393
26944561
1041616
24743163
26884279
1029370
25986624
27055209
26388796
10775812
1322445
6711774
26757648
26416401
1004318
6021091
1949418
1083883
1070685
3053868
26416276
25828868
25918820
26969002
1939594
26775352
1469414
3723236
25750940
26866574
26948460
4160794
4766916
1326838
1034349
25895442
6781409
1082399
10825459
27090815
1915716
1054685
6826615
1480884
10794793
19967508
26902317
26617174
25660221
23778103
24301821
3258977
26898505
1136988
26929144
1393473
24860561
26792818
26807431
1083882
27068989
26947683
1007313
1275735
25774256
26883163
26285184
19961797
1012221
1001013
26658076
6970042
26971329
4267093
26811478
1064014
11504802
1980585
4247648
3034097
26685366
1013801
3750309
25976633
26953449
3773194
2157181
4710587
1546197
5910921
3224818
14449069
26827326
3662614
27054629
24838970
26774685
26590273
4045081
3099359
1062608
25956992
1048529
27008307
1615235
2027002
10439880
10532927
27013416
1474793
26841391
25837146
1013032
26647328
24838897
10466438
26311918
2287508
1433336
26706618
25785270
6727813
20433553
1067592
27066654
24845767
10867359
5401958
1038291
1000034
1026884
1273759
2054019
26595964
1048441
5942644
6510522
26889630
10607551
1441440
6730310
26281185
1796844
1791880
1054071
10608321
3105410
3773959
1382836
27072108
1186209
1341035
21322534
10794355
26843309
1021261
26761868
26952814
1437162
26896093
10563464
1955325
20383606
1001885
10451782
1117965
25820165
26900945
10875994
26348734
27040710
25838015
1785512
6511745
26388494
4213445
1839882
24380572
4145556
1005932
3071714
1398456
1073378
2250146
4711466
5423585
1048177
4273408
1975591
1059069
3662629
1046276
26335158
2213246
26258748
3759808
10544783
20268404
2174792
24859742
6109435
26778180
5935619
24742929
4170274
1063251
4857048
1878708
1071187
1038703
4742948
6877598
3156483
25740175
4714187
3889951
6026256
6314053
1041297
26589634
26700864
1063418
26221031
26847933
20493389
26369862
5407722
3338823
1029940
3360614
25926869
1440568
1970116
25909086
4733799
26657845
25709123
11632296
1457211
5269129
1459149
1058098
26378417
26880958
1908358
3838150
7916053
1203294
4236926
6522306
1274500
1058679
26921283
1136342
10729731
24845782
25859178
26323417
3701107
26780692
1203293
6796987
1432443
1762875
26840481
1278499
10426643
2326423
3178437
2073521
1042250
4615442
3314380
26590901
10531023
1042984
6966406
6000646
1005096
25740177
25718741
26698598
25986420
5414639
19912140
6128129
3062449
25871619
25887970
1401821
1020930
25713576
4243213
5407368
1894740
4191531
3733074
2033081
1084372
27012154
26281820
1483285
10608441
1270511
26851659
1559728
26575277
4809797
25843439
26921077
2310647
4583113
4621224
3880846
26791612
26358463
26437752
19977960
27060403
1312995
1411023
1824153
5336461
26298016
27061143
7916063
1071270
1017392
3462387
3222755
6097491
27013392
1945465
1382848
10554294
26150311
1086227
3866002
1016429
26789162
1826007
1276333
26611842
27017410
10491606
1054277
4270633
1785508
26995932
4051249
25780158
26456492
26615297
26315320
27038662
1419357
26280915
3651646
1340986
4061754
26437232
27069390
27075149
6139702
1060723
26980201
26616591
4208773
6097374
10512240
26801419
6856711
