27069925
1007914
27010538
4826530
1064841
26738072
1036274
1433640
1007952
1052990
2361768
25831096
1907739
1982200
3594151
1001136
1041128
26940526
5988558
27070097
10794550
3023897
1192700
26992807
26832470
4860554
1008459
26951644
1004088
4049269
1542939
1026035
1046209
1270150
10560097
3608170
1077778
1855231
1318622
3689118
1433572
4097264
1072319
2050767
1119839
26328457
2120339
1257365
1803641
19967277
1030469
1873569
4219125
1397331
5299807
1254588
1486619
26038436
1046883
2117871
3023898
3083264
1005279
6859532
1192706
1467519
3826899
11597314
27020871
1064532
27002931
26918931
1119980
27012106
1021193
3023900
1310673
1941301
26292675
4087909
26921701
26266165
27046814
1000993
26986707
22693008
27046812
1041104
2076616
27074070
1318615
1486658
1436586
1456886
1073333
3661060
1474343
25782292
1448645
25893502
1059503
1461652
3741374
25909857
26942699
1018482
26938348
3519771
1000353
1056707
1489164
2274454
1912993
1915476
3026354
24295824
26428611
2266772
1576005
1899006
1152745
1416289
26394207
1064862
26897279
1485700
25881349
1800113
1021209
1433568
1578732
1285961
1201947
27046813
25917623
1152564
2117875
2117872
1440159
25722936
1115397
2309204
4199539
11534101
20273030
1135391
26907738
3621942
1975886
4061972
4726738
1028270
3086575
1032764
3743038
1225062
10761604
1220559
6265890
1083091
2274446
1290911
1765512
1002898
1009665
3053271
1439737
3841355
25745287
1427526
1578881
26841611
10432767
2050878
1431184
1000934
3137185
1850977
6843976
1085512
4020853
1534810
2188017
1441120
1976471
3620499
1482975
1008214
1085038
1163327
26371152
1819816
25758461
25901258
2076987
2003989
5942276
2081975
1959287
1045569
26890328
1054899
3413784
26880032
1008592
3011068
26666135
1009405
3664843
1902982
3099801
26666033
1462189
2983793
1066911
6430661
26611997
27024151
20498342
1001309
1224733
1071463
19974158
6859534
1017993
1444555
2274208
26951416
1023059
21363858
1816103
1394428
1318944
1066133
25837525
25784025
6802418
2052815
27030242
26803373
3464487
26994868
26797971
2052682
1041057
25761999
26584765
1047430
6953245
3072494
1491317
26628814
1016329
1221437
2120425
5957787
4604958
3089661
1491320
27002523
1072126
3867627
6973023
1880823
10491578
10794270
26851249
1806300
26662231
6001114
25803006
26388073
27067913
3237107
2074254
27005568
2162347
1439350
26285731
26425888
1283644
2298455
2993974
2157589
2027835
3653470
1321696
6023107
3753941
2135803
2081961
2050877
5038469
6401118
3932425
6523875
1102435
4103922
7007231
2979054
26817445
25919839
1491324
3932428
2046566
20504524
3653465
25985354
26344072
1779099
25708954
2052697
1005455
1199658
5919046
10750284
1143793
4634218
3549894
25725674
25857845
27077599
1815468
1449802
1498976
1442789
26902186
1310025
3536343
3044158
4744788
26857084
1939608
1022737
3265345
1063733
4911123
1797670
20441860
1027621
4055859
3058360
26994867
2120234
4909249
1807447
1214004
2131751
1762395
11498230
1019143
1042748
26689226
1162370
4261770
1245777
1919733
2162209
10763900
1170759
1420762
26641766
3265347
25877706
1077674
26221688
1222704
1525693
1791383
1019586
25713175
1074192
1008180
4263406
1844858
1758593
1854580
2162208
1322319
2029726
3521989
10604035
4250800
3807481
20273032
2120267
2340080
1797676
1030864
20506144
23860417
24521744
26800118
26038523
1584476
4087913
1076320
4744698
1042820
27052120
24834700
1310023
25751316
3661129
1939168
1933497
4863294
1030717
6754165
1962718
6519211
5333930
3265351
26301181
5697408
25812824
5504449
1459234
25780805
26270313
3419707
6042356
2160319
26796551
1202184
3699146
3099800
1320410
25731638
1013814
1871364
25787938
6527152
3132594
2034987
3054759
4843891
1489184
4767462
1151061
1842181
5254295
3927859
2340082
5404942
2042511
4773507
2010066
2006699
2228986
1168743
1963663
2253737
2037729
3704331
3885381
1413112
26921065
4827792
11528343
1834946
1805593
2171327
2135382
26692326
4860711
1162162
20499710
21692819
6526931
1041638
6440304
20273033
1157075
3620495
25902038
1398969
1919885
1153219
20499707
27077687
2058153
26326504
4025168
3169424
5372672
26293005
24715997
26682078
1106466
1021064
4710365
1145428
20503850
6778818
1462796
1844857
1988145
26790282
2274143
6397217
1033226
3192130
5375937
5406471
6744676
1958518
10567935
2247147
1854578
2161686
26607921
2135572
3797864
3569161
2183149
3910853
1399823
1119308
10575134
10736307
2039628
24385080
2257333
20300971
1215241
3236191
1594096
3265350
1085121
2710965
5908551
1192703
2117876
4274281
1066463
1156424
4182735
1076136
1781440
22047871
26831362
3699101
1072830
26930453
26776954
1776703
4087912
2364161
1481650
2143434
25723267
1024889
3684940
7047175
1884658
1023882
3024494
26260838
24843842
25830759
1052424
3042252
4087910
4231294
27034341
1970558
1022702
3750803
3236643
1215253
3121289
24841203
25875217
4744898
3996700
1018554
3429105
1080914
1291733
1248685
26314956
4134396
1994618
25881282
26427775
5912701
1254504
4118175
1176169
1090575
27072880
6967924
1797665
3930204
6778782
26791176
1345431
4215214
26790201
3264857
1290266
20437595
2057592
1434499
10604012
20492063
1461660
1029928
1016529
4903439
25872643
3291518
1456628
1884655
1781949
26568094
1059355
1219810
20470904
