25985021
26698660
26704403
1041482
3239549
1003479
26957760
1813841
27021578
27026379
27000152
10471333
1046492
3674537
26816981
1675478
1873231
26853835
1077847
25746578
20441569
1083762
1225977
25883305
1062343
5366248
26451505
26921196
1005492
27046300
26639302
1032063
26265745
27045287
25891318
25902942
25986748
26150549
20424526
1027191
10758290
26861418
26847586
26827546
20503529
2376486
26354440
1446959
10796986
3707886
27007549
3079029
2747765
1015699
27025715
25777432
26603137
2032141
25886351
26292964
26276743
26961138
25953571
26782506
27001225
3228779
25938605
5399227
6533042
25752592
1014763
26606366
4903692
27030380
27002570
27025036
26992884
1076378
1025723
1072295
2326273
21329239
26901940
1315844
26992226
4891219
26943161
1982427
25844017
1315199
27017800
26865333
27026387
10436418
25908552
26991064
6892579
26298832
26394018
1070711
26905301
27006609
1076685
1017795
26275177
1949338
26711101
26667007
1001356
1006560
27037182
26985065
26834183
1055304
7055441
25961497
26389483
1314467
26581737
26900285
25899496
1211052
26905142
10740958
26931701
26721301
26701098
26897187
5914478
1056164
26899544
26848651
10797092
25750468
1439441
26923577
4113090
1016864
3206270
1060025
26979435
27075720
4842446
27003014
27091336
1191433
10491608
2052448
1491537
1000280
1012929
1125731
1044499
1010189
25846182
26826782
3274113
27012065
26902009
6311230
3626924
5906321
26869694
2253642
26909793
1444252
2118743
26923543
2363834
3009821
27011415
26612919
26657573
1254597
2713409
6390216
1138452
26782012
26952818
27081056
6308034
26349445
1777853
27005902
6895949
1480858
5502440
4175473
26791617
2121038
4193722
26789604
27073559
2282097
26831740
26986632
26950083
26891290
25910407
20366533
1084730
24855510
3317670
20501270
26997145
1065142
1029723
26782825
1799788
26892916
26576515
26981138
26905098
4747128
25900305
27034274
1069138
26545313
1836621
26952234
2567326
26808763
1511912
6090958
26795138
3923369
25848747
26954209
26780643
5299857
27046020
27072707
24834615
27026691
1031956
6860955
6800122
4011286
26974896
1893879
26972834
26260335
1008176
1400710
25719688
26293794
27065155
26639522
26607789
3035211
26874287
26368070
25659944
1006419
1277267
26394958
26974207
24705266
27072516
26270390
26883050
3921409
11232882
10566838
1027725
26427189
1069301
1030526
26804200
4733982
4248275
1052829
4138066
25723401
25760457
26751893
26743027
4853094
3273300
26736805
1051524
1274943
1130367
26313692
4011303
3662230
10597973
27039519
2984324
1337448
1014678
26584746
1050175
10464337
1069507
1084229
26870760
3901238
5906099
7064370
27064864
1440432
1058889
26104025
1056883
26666408
27025729
1807798
26436285
25795769
2186646
4160794
25751980
1270509
1754836
1047001
26971176
4145391
26992822
26930130
6004602
26907382
26676661
26835224
1012561
25887394
24371383
26708248
26722581
26882520
26640805
3432401
26896530
10426968
10785920
27060615
1962923
26938857
1291355
26902293
25795766
26577706
3537575
6984992
26637794
1225697
26297802
2284985
26658022
1776851
27078260
25828759
20483520
26839527
26859410
27039506
26794875
3320907
24888083
27054422
1425075
6559258
26764853
26043606
26756142
26284866
26262128
3620169
26919519
26258900
26893673
3097530
26899537
27012129
25915102
26865815
26767467
25785039
5392437
1272779
3746915
6827362
6797768
26831766
3824491
21452652
4747135
27037093
4174807
26476950
26948547
1116205
2324790
1577734
26776638
25763756
1020329
26604925
3196877
4126252
2976744
26834474
5299274
1874086
26612502
25840535
24298914
25891574
10546119
4920107
26883132
26855717
1044347
1834541
25841470
27024116
6867541
21363236
25752043
25926547
26717715
20481426
25945487
21331443
6990290
2140283
26913567
26263053
2082154
20452305
25850080
1437607
2380307
4839090
27015494
27015796
2185235
26599283
20399472
1484492
2998637
3055477
26851892
7051208
4863597
24316388
2124111
26878476
4894979
26832725
4139460
25928984
26839342
26585022
26954748
1070147
26919384
26815874
26708306
1477774
26832061
2419991
26831077
27036376
1427476
26856478
24859453
27040390
19976381
4175453
26213988
1963786
