1007305
1858513
1068920
1085860
1083428
1039840
1086249
6082808
1019568
1008988
1141406
1205054
1022632
1119522
1013469
3183775
1064275
1007433
1186392
1051193
1049957
1007772
1013380
1006113
1024197
1205370
1213546
1449351
2035162
1043815
1010472
1046209
1083477
2170030
1062694
1060774
1005918
2042629
1048173
1085470
1883353
1035478
1029553
1894740
1043008
1000856
1449352
1047138
2174410
1012637
26944471
1006197
1427288
1255288
1038196
1008357
1203251
1398395
1885262
1098643
1254731
1014144
1174721
1856025
1075371
1011228
10759466
1082522
1882915
1013502
1082147
2050779
1144385
1373788
1083435
1279212
1013416
1085021
1430530
1016003
1391191
2036561
1818583
1035848
1159939
1077778
1203244
1397467
1088812
1185912
1186350
1045934
1780564
1449348
27025114
1029368
1212488
1258498
1098639
1012117
1031741
1119528
1031354
1035477
26906389
1001065
1034922
2050776
2295122
2060483
1083434
6791962
1011702
1019628
2161691
1034106
1042168
1026547
1002958
1420508
1064532
2024848
1023467
1084891
1130069
2196957
1211572
1621745
4199711
1009938
2036573
1010898
1858493
1030469
1918325
2053608
1212486
1018482
1009285
1152701
1511457
1053759
1201947
1035475
1093098
1101543
1092246
1185636
1022210
1055234
26952170
1012489
1034449
27075054
1066217
1204488
1894746
26606903
2050778
1491855
1456692
3741375
1704585
1085856
1255326
25942442
2074265
2364762
1085552
1201946
4719265
1880823
1021928
1855425
1160320
1168737
4832486
1917962
1102497
1032126
1139945
1210735
3127856
1511599
3025256
1131617
1030699
1833376
10536877
4247677
1005050
26270609
1420500
1027986
1512597
1212469
1044038
2161701
1924980
3922847
2078355
10594787
1858585
1491853
1427281
1051975
24854717
1078146
1263680
3033504
1084204
1856498
1029877
24383059
1991122
1543987
1085469
1168761
25847537
1747768
1859108
3263083
1856494
3131608
1058527
1088922
1089733
1058488
3480384
2264147
4040450
1018017
6782695
1658876
2033808
1784728
1872112
1320521
6397056
1089049
3131636
26277367
1097835
3091169
1088030
1084208
1010824
1205388
3136270
1883349
1722386
1878038
2116574
1119590
1164734
1023595
4102981
1050368
1162930
20278403
2117062
1101547
1512732
11502248
1397966
1326986
26782633
3131603
4216925
1050556
1505434
24888091
1090109
1059355
6893861
1991229
2042167
6965540
23247100
1060333
2050767
1389911
3900435
5904118
1083445
2364908
6435872
2066242
1926728
3014539
1123546
1229336
1275907
1134656
1185942
3040682
1040397
3185734
3134824
1469232
1204231
1270043
19975224
1620396
1074682
3162277
1208002
1022672
1877897
6527511
1263747
1865089
4926159
1880825
1203446
26794599
1112395
1589591
1968811
25895962
1205777
25896603
1330303
1085068
2057541
1203424
1007210
3039864
1066589
2051538
19985743
1214302
1138871
1893971
2036569
3057191
2294284
1069059
3100582
1881838
1047814
21993104
1758926
1479662
1042702
1082496
1456426
1275608
1021209
3582340
1202226
1722630
1985827
26952861
1022272
1136278
1643543
26823108
1088065
1803641
2005555
4126155
3344157
1203347
1092558
1087769
1100754
1860433
1063388
1801811
1105272
3626427
2361886
1753403
1142594
1203419
1134258
1831007
2217675
1083483
1192520
1022733
1327117
3619485
10774009
3298292
1040632
1075392
5042701
2115692
1080959
1456399
2163468
1214305
1044553
2122274
1077492
1144266
25912335
6526708
1525761
1985828
1958305
5976423
2066262
4052395
1122323
1987951
7916026
1853939
3127852
2069629
1914311
4742967
1750623
1070482
1228395
1195054
1033057
25773582
1084311
1208228
2212710
25934147
5504729
1191133
1507315
1122299
3337387
4248171
27072817
3073771
1778966
1760094
26346463
1880457
3131619
1900001
10539551
1884504
3337579
1317861
2371967
5367777
1458947
5996286
1838160
1503445
1989828
3070836
4838726
1148639
3735286
1092807
10517927
1656062
1894737
1066973
1197594
20384895
1119476
1088480
1818722
3003814
3851791
1092168
1890270
1276032
1462166
2154960
2066417
1203245
1886374
1986127
2282795
1111404
1849791
1786582
1084915
1263707
20272955
1059958
1226928
1119513
1939442
1096255
1987953
2161697
3293978
4292401
1119515
4048025
1085815
1203422
1069955
1562921
4804158
1136905
1277761
1469545
3462312
4880524
1050006
1057423
1931099
1092335
1962924
1062236
1452512
4873864
1833380
1056023
3275066
1083429
1009043
1089478
6828860
26436127
3114410
2294269
1928544
2042631
3809551
3085445
1933694
2255503
1013723
1065127
3167232
1931361
3225196
3597833
26677336
1041507
1086317
2030172
10179776
1053536
1137748
1125663
24744482
1078488
1484272
1159935
1277738
3769263
1084301
3013175
1063493
3023360
1815468
2284506
1643547
4215942
2174400
1217726
1057356
1512245
1881286
4018801
1623063
1211656
1018237
1426938
1048580
1466836
1214131
4703304
1084548
1021354
1513263
1976235
1257360
1157014
1057244
1040211
6878210
1056657
1035631
10454483
1261296
2364764
1220866
6435850
2026896
1028735
1105797
1123024
2367602
1000517
2035179
1953607
1524850
1018408
1328662
1019214
1319163
1039802
1224648
1274150
1881837
6025441
2150405
4243288
25916623
4187484
1046115
3164520
3136272
25905933
1024698
1309688
26989589
3136271
3350263
1006371
2303173
1170379
2329268
1643546
1078085
4178548
3127863
1159954
3117667
1135331
1837465
1052622
1521489
1070527
1735438
1097154
10542973
2319425
2193896
1657786
1202197
1025930
1185908
2303250
1059108
1029440
2294277
4054726
1447780
1083032
1058661
4045275
1920561
1170801
1809529
3797324
1041733
1069249
1214171
1030199
1027124
1021311
1075791
