1291204
25985021
5375620
26975609
3261600
1045818
6152040
6811366
1004821
26949210
3026879
1071227
26826605
1059258
1012307
1004322
2060491
26892222
1277981
1004699
1216737
5408882
1017143
1468426
1008189
1005354
2302217
14439405
1139360
1783111
4242172
1036541
3410718
10473369
26363926
1949420
3765331
1021273
27009783
25978763
1431870
1400195
6425061
1015748
26369699
1063852
3007268
1012032
3697494
1292412
27032518
2046236
1534951
2033081
1033248
1963912
3874395
1005193
1049522
4766921
1787729
6526752
3431988
1269900
1460340
4745950
2359003
1286547
2212371
1045716
1849409
1028268
1203421
1437687
1116367
26940250
1071023
10601137
1317485
3003032
1123740
2025235
2083981
1274953
1322336
1034259
1022318
1315184
1828292
1400030
25742296
1041452
3740431
1079252
1060774
26981722
1051943
1775264
1070007
2170983
25774978
26948155
27030788
1178535
26718544
1288386
1657455
26838875
2216583
21570668
10449401
1051659
1089398
1033163
1030554
26774090
3389460
1005915
25928708
2296687
10877051
1064101
1095849
1393233
1247769
25789478
1060531
1030294
1024785
1079104
1956018
6558202
1034066
1070820
1080078
27052079
1045201
17153313
26995535
10594802
1077129
1137244
1150503
26726213
25736285
5396636
1398463
1010204
1964774
1223897
3222065
3463292
1254278
20273773
26304954
1456524
1012380
1829799
1433411
1287865
27055853
3834938
1077196
25813166
1986050
25844426
1077528
26827590
1070410
3743038
26609148
2076623
1915375
3260902
1921589
1500045
1084336
1320925
27024170
1110656
25867785
1035600
1809130
4189215
26945187
26980909
24298157
20435635
2987179
26612363
20172592
1918220
6716364
1258513
3101021
4898627
3213781
1160320
1721111
26883265
3401286
26672408
1245533
1021702
6139564
1778511
1255584
26992826
4201118
3072489
26852425
2284288
26825934
1729284
2213965
1116325
4859891
1066108
1443662
1271862
1927487
1444025
27039551
4197707
2209114
26683648
25870783
25841080
4833802
26987885
3199212
24721654
27024171
1073143
1015864
26159020
4835563
25913516
1492634
11620497
3074160
7054148
26821908
2287712
26994847
1030898
1219090
26973425
6710686
25928726
1072739
3465962
1814298
1070274
1827054
26584727
1817332
1039771
1021529
26184242
1342974
1489494
1003692
26828229
1070246
26663535
3241907
2256361
26924263
1073063
3111282
26970610
5422665
19964304
1027384
1197956
10544787
1056461
3132641
10488580
6965746
25697240
25798589
24697397
26818873
25885921
26733566
26975206
3072490
3370214
1311280
5377278
4190173
1982096
1489670
3669381
1811507
26581735
26980808
1077568
4843462
1430203
26286747
1016930
1050527
26644896
4122992
26770923
2149717
1799770
1467022
4841504
25715224
20549889
26879317
4269888
7047238
3007708
26770827
1027085
1970116
11589947
3561136
1075249
1004539
1437686
1894184
26928435
3283762
1651032
27075745
2278535
1083054
3722967
1784921
6725981
26992827
3546574
1083309
25834607
3238339
26874286
1256169
1921597
26852238
1392562
1077688
25859542
1074329
3117249
27039389
1478831
27063498
5450660
27012303
3552733
2979192
1455362
1253835
1053009
4202381
4711466
1026171
3074246
1214303
2082154
1419432
5336230
1484492
26969853
26935152
26433665
26835546
1228654
2256360
1442650
27034364
3837878
1096240
1074030
20276111
2338733
25846075
1915608
27044601
26411141
26295448
1477442
3381387
1066008
26354200
2381748
3171864
26315455
1784676
2051819
26823228
10517695
1963430
1462854
1020296
1432078
10566979
3815282
26320047
4313494
4710580
25732544
1074364
3368865
1025001
1433192
1082468
26413998
3823020
4091025
1731081
26556039
1080481
1067592
1272898
26694273
26760849
27069556
25849143
1116336
1322335
26284858
20429280
25947164
3069267
26261103
26874287
2347737
26711191
2079351
1315167
25933324
1913947
26997217
1069576
1319893
25987241
1055823
1044912
3035631
2332444
26767504
25906248
1420502
25873059
27040408
1005813
2141141
1464432
3894081
6042298
1810945
1292314
1048672
4861820
26720017
1949782
26986719
20366367
1201821
5921814
4292171
1008757
1288402
1907590
26150390
26148841
20431242
3236762
26598486
26899445
4219498
23788417
1032570
1000888
2285230
25733132
1011215
1077506
4260515
1455960
26929937
1768046
2283665
26638771
1053204
26609147
1979209
6062279
26647316
1545830
2302817
6797700
2975939
1783734
26657199
1086511
1031293
1067019
1941663
7161523
4062211
1059444
1615235
1280205
26289557
25986624
1459390
1228193
1270267
4042959
1439792
26905796
26372330
1469339
2568268
27028523
1903578
26265978
1052276
1315265
4843454
2184710
4223297
26910031
26940330
1139980
23780616
1397594
4167567
1045574
2280750
1433165
1421310
26673158
1004318
3226085
1066774
4849906
3519570
2286854
26981777
1256284
6794355
4264066
1006624
26879423
2049781
1176241
25873525
27017604
4376113
10785860
3117248
3240683
6310320
4589142
25822107
1075311
26791174
4908875
26280127
1881556
1476920
1506334
1101606
10505864
3265523
26337354
2019392
26077095
24754537
1310154
4124876
1077621
1543715
1776475
1251842
1444141
1281775
26318563
24301821
3265827
1061216
4843456
26214387
20444403
4874162
1023293
1267883
1315175
1315249
1427471
10593787
1027977
4236619
1177968
1775813
1283433
1277083
1809674
1808910
2076962
10748231
3042524
1420947
26842558
1257434
1073384
19956259
26838872
1965596
21233495
3865978
1958791
21355964
26945182
2141589
1062611
1252661
1443526
3806060
3144300
1040538
4809797
24882901
26694225
1799735
3237711
26812868
20036150
3784639
1091964
1254950
