6082808
26698660
1770782
4820710
26986954
26704403
5431784
26853356
10594787
1858513
27029890
6781808
26657570
26957760
27045888
26425831
1068920
26878124
26695174
4908885
26701959
27042830
4187411
1829226
3608208
6789605
26340138
2143732
26657740
26382433
27052521
27056383
1092168
27025715
26831234
1865089
3406401
2154960
1400705
1062343
26892080
1085860
1440972
3836566
26703649
1083428
1039840
26998358
6800379
26120130
27020528
1424741
1083762
26900889
1316648
1045818
1086249
26357614
1431870
25884880
26712441
6781794
20428302
26394018
26811138
26981441
4010969
26356515
24934182
4105446
24382569
27035254
10774752
1321789
27007881
11584574
27003600
26451351
1008988
26837288
26264154
4011440
1119839
4203630
1082387
26729776
27031869
1856025
10763902
1141406
6797396
26890281
3597825
1015864
1205054
26787935
3578470
1292416
26628811
27062629
4071859
3673771
1442869
26371317
20441569
25826936
1092335
10560798
1038196
2136484
20392523
26710042
27065235
1465324
26598807
26607924
1066165
3056877
6857344
1082584
11528350
26993666
1022632
1119522
1917972
26819479
1013469
5993314
26053771
4826530
3831788
27004926
1013225
1418058
26275572
26840830
26431326
2056749
26984949
26943606
27012140
26945641
26869695
5366382
3402999
26269845
3826899
26905360
25985982
10569619
1336330
1040771
5958726
26631867
4908872
26939261
25952961
10512236
3899039
26939182
3608235
3014444
27031877
1064275
2264272
1060117
3228779
4313207
3989541
20501761
10519369
26910597
6890687
3131626
24845582
2042063
1077492
26936410
1007433
7916069
1058661
1017334
3769738
2165063
1872158
26936275
1186392
26580084
11535042
26821757
6712407
1052074
5446490
26756030
1438816
27021974
1859108
26586492
1794620
1051193
26276924
26819342
27081345
1064841
4714015
1213546
26794598
26956486
26819481
26640439
10759466
3888110
2245449
1049957
26300508
5920385
26593670
21979017
1469878
4882159
6746290
2158684
26765928
21346008
6879215
1041007
1016429
26732624
4737325
26862626
4154988
26907173
26878908
27045297
19962936
3335362
4120475
27079096
26877273
1007772
3003477
2042633
1851385
26642866
2165076
26954392
3315879
26864983
10768068
4882023
26952226
2194123
1013380
25985126
6789551
27030789
3393056
1417385
2212371
26794876
25924242
26356948
10764013
6440343
26682066
1849791
1024197
6016234
5410174
1045365
10565151
27054027
1056023
26823134
25724491
26853742
1205370
1525761
26577690
27045517
2180619
1036274
1083089
1081422
3669671
26962683
3673651
24541883
2050779
25796049
5336228
2161892
3090810
26451389
26909485
26787941
2036561
6097966
20266046
24525766
26801361
3594151
26928435
10473355
1046209
26642648
26835827
3640067
3326892
4245064
27082538
25779593
26384735
1321790
21329239
26591790
3316438
4881998
20326626
1437488
26594676
3537590
1040211
2170030
5383804
1062694
25955853
20515828
26870453
25880365
1010472
2295912
1083477
4143051
3926717
26948155
26791409
25977520
1874411
26640091
1868698
26323408
26298590
26591590
26808761
2061644
25831096
4175473
3327495
3649661
2146279
2136135
10746177
26262141
3003258
1434071
1041128
26971527
26844525
1088812
26723433
26390426
27008864
2036569
1063796
3098548
1400707
2228707
26849452
27043711
26666138
5321895
1917078
26826605
2254615
26591906
4105444
1417878
10555486
26276279
26602467
27073403
1962078
2669319
26667282
1212469
2131426
1771464
3266345
26765930
27064860
26676528
1051714
4213981
1067293
27071457
10583075
27081920
26689063
6861087
25870629
4202422
10546888
1005918
1085021
2042629
3733083
26431618
2973335
25747874
26752646
3821057
2251691
1055234
26892088
26653000
26854223
1088418
1048173
3783409
2969263
4246979
27073501
26022097
26944471
2032523
2302217
25699387
26866448
25774978
1085470
25841074
26657701
6861517
10763918
1482496
1076330
1079252
26264210
1768642
1007952
1883353
26892159
2980471
2139305
1051524
3138839
26938056
27073507
2093212
1035478
11604737
1082946
1291199
3765092
1982200
10564102
10483439
1045352
1043008
1016486
3190550
2193877
1089049
26837789
6539917
4621099
26810715
1837654
1468997
26297872
27006491
27003797
26861447
5940829
1006991
1159939
1064707
25959838
25986620
1174721
10749924
5381541
26677797
26893262
3129584
4292149
26763171
1894740
3826293
6974199
25796061
4105424
20473505
26716997
6085413
20392525
1315844
10598170
20493367
26983143
27042271
3151990
3246904
10522844
27044645
26253801
1083429
26888764
2160292
27078961
1042006
5988558
6310320
26276923
24856615
27078321
5326883
26896859
1034066
1071241
26910593
26902259
26266067
2301475
2721880
26779789
2073481
26342182
1001136
20444771
27043783
19950785
4151134
26969635
1451270
2296687
26980356
1760730
1011228
21778349
6041086
26986509
4732188
4247000
3324036
27088801
25986497
2062599
1005255
1023709
3643270
4619135
1082147
2996596
25829274
20425433
2073345
26346222
1057197
7060197
27017251
2243692
6010144
2255871
1242927
4152770
26936017
26955196
1603984
26412776
6791412
2375988
1040397
5980585
5394486
21681263
26910989
26742636
26959630
6844341
27072817
5299919
24851826
1363379
24107596
27065431
1882915
3215997
3263006
1013502
5993310
26286751
26310659
24523682
26377363
2283762
27087311
3689118
4121656
3003466
26372186
10512506
20370889
1426852
10604943
1852700
3174506
26695251
25708977
26756561
25733467
20435635
1316652
3861531
25801080
26848050
27060680
27049049
1373788
1461987
26789635
1083435
1279212
3871911
1329403
1025336
10774932
27050466
26718529
24872823
1535600
1440243
20425439
26909081
26938857
1077638
26375108
21993104
2267630
1455933
5383175
4233385
1950749
3765331
27015443
2568067
2003092
4898547
26430928
26248587
25837539
3024319
20380988
4869637
27063968
1084794
26258374
26982527
26274359
5404221
1030554
25940556
1041896
5419801
26910978
10764363
26834592
4732123
26916869
1430530
26911045
1105150
25829693
1016003
4198469
26802228
3006581
