25862578
26698660
2230208
6082808
1770782
26963900
26986954
5431784
26853356
10594787
4820710
26957760
1858513
1082154
6781808
27045888
1008145
26425831
26878124
26981446
26703649
1400705
1039840
5038409
26998358
6800379
3633461
24934182
27020528
1046265
26210487
1424741
26900889
1057244
27035382
26357614
4742918
26265745
26356515
27064644
6781794
20428302
26394018
26729776
4010969
1029791
2022979
6880158
25829693
4105446
10560798
24382569
1082334
4011670
10774752
10763902
2154960
26811138
26886310
26969582
26951584
1020961
26451351
27003600
1291809
1008988
1939182
1019568
1442869
1080370
4011440
4203630
26837288
1059419
1863930
1856025
1082387
3578470
27054017
1076654
6797396
1007305
26890281
1456692
1086249
1760432
1336330
26787935
1963684
26586492
1292416
1060852
27025715
1830445
1014278
27062629
27010212
3673771
1092168
27025036
1092335
1731521
3056877
26371317
25752955
2302217
3391248
2136484
20392523
1465324
1085860
26598807
26607924
1254588
1066165
11528350
26945142
26993666
1040771
26819479
26760976
26803179
26998070
3311253
3831788
27004926
1141406
5337243
1418058
1082349
1020459
26431326
26997067
2056749
1013225
26984949
27070201
1080309
27063109
26892080
3017857
27054867
10473355
1119522
3826899
26945641
26931507
26905360
1322455
1418686
25985982
1022060
10569619
3432304
26394876
26628811
5363767
5958726
4908872
26969002
5940553
10512236
3899039
3183775
26939182
3769738
27031877
1060117
4885241
25733470
26766562
26952485
1143694
3989541
20501761
5920385
26910597
3131626
24845582
1077492
26936410
20473505
24107596
3066477
26757657
2165063
1017334
1872158
2256039
3211779
26580084
3259440
11535042
1321790
1052074
5275059
5446490
1022632
3616310
3402999
26264967
26756030
26840830
27021974
1437488
3013624
26878908
1859108
3608235
3987362
1083428
10759466
26931701
2245449
10432334
26956486
3920144
1041007
26640439
3888110
26959623
3006581
26819481
26939969
26300508
3228779
21979017
26956479
3151990
1469878
1440243
4882159
2165076
6746290
2158684
26765928
21346008
1948901
6879215
26295450
27027055
3335362
1393473
26889865
1391191
26732624
1794620
3090810
25826936
1064275
4737325
26787931
26862626
27017782
10768068
4154988
25892399
26907173
6016234
1039752
1051193
3003477
1851385
3315879
26864983
1058679
2250587
26952226
26261735
1213546
1056023
1054917
25985126
1255625
2567698
6789551
1088065
10764013
1917972
26935435
1449351
26305561
1078250
3345595
3194071
1444077
26356948
3389984
1849791
26276924
3448867
3013903
1186392
10565151
3012517
25796049
3136271
4173403
2161892
26823134
1085883
3803820
4245064
25724491
24715669
2295912
26669243
26682066
26954392
1525761
26577690
1434071
2297697
26882320
2180619
24715686
1461903
1081422
3669671
5993310
26962683
2257283
3673651
2050779
24541883
1401425
4120475
26451389
26787941
6097966
3426869
26735085
4105439
2036561
20266046
5916880
4202422
3594151
26680113
26928435
20473089
11511232
1316648
1982427
1418999
1018577
1458164
1882933
24862771
3640067
3926717
1025753
3326892
26654687
1082138
26899537
26871657
2160230
25779593
26986509
26642648
3316438
4881998
20326626
2209098
3518332
26774091
3537590
1049189
26834481
27054735
26687879
26865025
2170030
26909485
4231381
1015452
5383804
26797395
1038196
26303224
1013469
27049351
1043815
25744411
6529759
20515828
26870453
3879301
1205370
26822709
26853566
3259428
1529893
25957554
4171951
4143051
26923390
1059330
26870405
26791409
3277199
25977520
2326571
27041539
1007772
4127527
26298590
1007433
1002299
26808761
5321895
25831096
26846483
2061644
3003258
26767242
3327495
26990080
4175473
10746177
3866885
2146279
1062991
26769999
27078249
26936275
6811366
1088812
23780847
2036569
2376336
1205054
1771464
1962078
3098548
3010128
2228707
26849452
2669319
2340609
1917078
4105444
26810629
26821459
2254615
26591906
1030554
26672441
26780098
1088418
2131426
1192090
26957420
10555486
26276279
20470849
1768642
3646172
5502995
1883353
2980471
2139305
10345585
1016300
26813101
1046172
3172156
1088022
3138839
1212080
27032786
26892159
5988558
26938056
1986291
5390091
25737793
1083477
26303995
3506871
11604737
3765092
3606570
1029553
1082946
1291199
10483439
10345560
4882133
1016486
1015584
1024197
2193877
26297872
26648238
6890671
4621099
26810715
3191247
1228110
26387640
1837654
1468997
26897973
27006491
26889862
27000960
4116629
26657701
25959838
1071241
1004992
6518605
26893262
25796061
26821903
3297466
2568438
26763171
26953763
26647727
1315844
1894740
26367367
25764295
27065235
26716997
20392525
1400059
5381541
25897884
10807374
6539917
27081283
4882013
1050566
26722307
4151134
26971527
26971461
26871658
3003466
1119590
25808056
1848256
26674263
26985289
1767750
6791412
24529235
24319078
26717540
1960035
1958227
1791664
3394338
2280027
20279665
3018339
27088309
26110579
25919825
2174410
25924242
10763918
26602780
1186176
24719080
10563555
26728131
1012637
26853361
1009257
1010349
1415226
26738797
5366440
1064828
20381804
24872210
2567919
5448179
1159939
26805297
2295163
26854325
1039487
1482496
6885715
1049477
1792984
1972266
27006493
26910593
6773643
1427288
1763806
1052828
2214350
1008357
1873231
3785741
1174721
5391766
27068696
2033688
4191701
1154561
27028847
26989242
26461519
26349261
1398395
1038476
1005521
1038656
21778349
26280924
3920130
1065970
26704178
4714018
3391245
2133254
1449348
2052049
26881656
26712094
26802170
1470158
27054629
26043287
10473352
1005918
1926700
26910978
