3239549
26821461
3633461
22714154
26951584
1020961
1076654
1830445
26803179
3311253
26997067
1080309
1418686
27038949
26766562
1143694
26757657
3013624
5269439
3194071
1444077
3448867
3012517
3803820
1085799
1025753
3544376
1082138
26303224
26822709
26853566
26672441
1752755
27007140
26921077
3075281
1043485
26669243
26870405
2079345
1465007
26870462
10877051
1883991
1760432
1015584
3662594
26897973
26303995
1050566
26874195
1010349
26854325
1049477
1029791
26927491
6742586
1393473
27029891
3024497
26791407
10556006
26774737
3464389
2016749
21770836
3239913
26994863
25981277
24827456
24878188
6718314
1417905
1200843
26284529
1146304
6048071
1734830
1082349
2237621
1078566
11504802
1281653
1008660
25716611
1136988
1053914
1089243
6880158
1398441
1067960
25696089
1207819
26278884
21370689
25789686
26561444
1071921
3623831
5288540
6783708
1777932
1083509
5975571
5337248
1456183
6844469
26774892
1082154
26593903
2071207
26274801
1958071
2027824
1792984
1080753
26760888
1169100
24862876
2002992
26801831
3395241
26384375
26301984
1794267
26962295
23186549
1962885
3662581
10794790
1084078
4799445
26348835
1764991
3264644
26721362
1058360
1482322
6780861
1021677
24872210
25835907
27034246
3264665
1397889
20452319
20394952
6127284
2377002
25731990
25728480
2375977
1209899
1082334
1025103
3389984
1006737
4169424
1124305
3160327
1428004
5408346
26598482
1290398
26662022
1086466
1165173
3026876
1151873
1881118
26851548
26586174
1006341
19967508
6840152
26602991
26600276
26932947
26307908
3376687
6953464
1132974
1018416
1132978
1963124
1084445
1766120
1734833
1022060
6743285
1072541
2300636
25893458
26342533
1460313
1291345
1801804
3550069
3610681
1200827
1206319
1024733
1122859
20499688
1022229
3110731
26785219
1129261
2159124
6392676
3851799
1317879
1084077
1072368
1070775
1490736
10571973
1889528
