1476651
1032501
1775691
10786473
1012611
2328458
27037167
1786387
5952488
3026879
3533221
1534951
4242172
10785583
26695174
2143904
26275861
4864832
6952036
6511362
26369699
26371317
26949210
4071842
3143537
4180711
26150549
1147347
26807400
1193621
27050457
1006614
25782902
5330333
1504957
22994632
2328178
20507212
10828002
3223711
5940553
27005756
3006742
1944205
1444900
1201821
25697495
25763679
2125973
26605978
1874488
1761759
1218321
1056295
20492550
2259198
4149893
1193622
3158482
3688489
1038292
6709809
26178426
3057556
2116916
3266968
24721654
4953695
26805083
10539126
3389960
6957796
5913475
26796536
2372450
1931769
26742180
4062809
26304954
3900987
3116096
3908032
5914475
4309584
10773358
1223845
2376506
6913343
26842369
1288844
27030507
26712787
26412113
1007073
3869711
1475128
2033081
2183559
4929897
1178089
2080764
26390426
1322992
3684193
1187550
26808809
26892222
26973425
3171735
4934733
6510688
2980795
26593192
3016247
5937126
5980113
27071400
6800930
3033690
27002390
26304087
25750617
1038977
1018360
26853742
26606002
25867744
27045252
25753137
1908685
10773362
1313174
1477442
3413836
26851515
26285299
26590889
1065003
6052834
20269004
1927902
3062632
20270670
1429566
2285530
26612510
21249050
26665498
6859959
6797700
1105890
1857295
26934266
3755086
1509898
3425151
25858916
19949881
26819479
6773583
2970296
25832152
1936756
25867785
5916004
4934590
4246667
3236762
2122637
26921116
26593221
3786755
2070807
1047205
3248660
5336008
3823020
1183730
26855873
5361804
24878420
2984241
1788302
1132110
26257557
4216680
3432953
26906474
5417235
5248376
6784219
26892353
2307720
11601993
26647114
20475794
1101447
6157548
1214804
24859467
26862325
4032570
26697774
2848329
1065156
26288194
1275195
3318174
2340100
1292428
3222291
6807767
25913619
24839553
2893591
2344105
2341848
1599035
2282946
27040434
26924263
25833051
25920297
3681639
1443662
5906066
27018506
4053315
1507437
3248694
26970561
5372542
26733302
26865732
26849228
10563555
26919762
2340059
23037911
27021062
1006005
1879497
4742971
6507262
2252637
27063276
26970420
2241168
26296233
10571219
26960524
26333444
26894686
3427154
22993829
26782094
26718687
1266211
3601801
26296901
21346249
4843911
26820338
6061658
1053405
27040292
5339693
25744065
3874168
6391211
1965977
1007667
25808733
21868971
1042832
26827391
26042854
10586741
26911009
3321968
2015536
26865498
26603828
3327830
6861142
26677439
26847674
10736800
3345059
21241284
7054138
27009503
2157346
26769136
5246820
6139564
24700106
6784027
26944471
26846606
26705662
26365755
1929918
6516304
3149514
4987225
3613841
3171969
27081111
1784676
21214091
25834607
11442509
25885205
25925226
1829801
26742341
2222424
26934469
20480678
27067336
6084402
26616951
1950407
19894314
10484712
26334506
1173442
26388011
22224887
25840364
2293880
26982883
4151190
20506638
26285423
1539735
4199618
26935293
27077946
25834256
1843275
24527645
26976959
3654465
6878387
25760338
26838508
27054637
1141543
3671442
27050813
2141865
1232744
1135754
2303751
2209663
25752076
5976544
22994553
26383818
26879144
20616993
6852021
6309931
26743743
27050816
11524925
27028523
26861524
1053711
3772058
1020427
26938700
1425813
26797268
1921568
2281620
2241170
26861583
27038800
1879344
25985811
2080389
26955777
3277343
26782080
2338638
24532754
1220789
26761696
5299980
25809012
1057378
1823968
4010184
26769662
3656423
20563266
26309534
25905227
4330526
26434548
5373043
26220853
26821903
26840504
26897279
5999507
5917265
1909385
1459390
25910698
5335820
2072469
4821765
1219421
4151204
26663916
1053204
26997229
4233221
1684120
5291811
5377234
3622446
1315234
1067830
6759677
2990695
3695857
26775040
1476458
24722609
24868861
27015756
1778062
5300082
5910460
3696966
2193673
25839107
11509401
2141624
1331882
20471507
26298597
1908684
26774616
4062735
1291535
11524362
25763661
27045485
3314537
3424068
3441145
2327273
26897366
26737908
3312040
26822490
26985813
3834938
26974024
3123690
4210847
23752241
26183848
24872319
26689692
25805226
4022709
6053667
3852695
1443869
26985371
3542657
1280205
26865075
27073885
26315808
6810273
26299530
2158889
1843070
3712855
20259499
2082044
26992883
26357297
26958572
20434430
10755668
26317334
24295802
26352480
26697242
25810164
21339969
3405756
4258808
4015086
11589950
6538416
1274469
26919830
1002815
10537771
4159343
3075277
4863620
1159821
6510682
1315269
26823208
2241169
26844650
5356341
21676595
3123668
26895993
26952307
23160215
3666720
2021604
26266926
4312829
3352074
10876941
1171256
4087655
2229649
25894861
6860737
26836764
4087584
20271283
1444770
25817021
26342463
26900445
1734002
26354161
6394591
26261585
26871348
26996375
26636365
27025955
26875262
1429564
26838015
26718553
1257434
25755874
26938732
23058339
6990052
1775813
25815734
3030535
4892883
20271917
26721477
1775895
27044582
26759534
24284032
26324187
1799255
4030556
2327264
10598181
25718139
26975184
26851858
6009051
24720021
1836957
5262349
25781016
26752847
26781653
1162945
4836697
26740257
10560212
5398985
2061421
26873207
3050936
3324610
10758030
26930253
3023149
1033273
6999545
22229485
25976094
26865924
6711978
6194593
25714450
25707650
2006868
20272118
26641750
26602466
5939058
26275063
26782156
6712304
4187225
26314515
10537773
1004506
3813981
26861540
19967799
3423225
4045849
3084973
4911319
10541306
10794605
2174650
4816556
27068483
1064649
3420606
25975450
4917079
27078408
4152112
24714253
20148625
10520050
1478704
26850526
25876499
4100363
2282133
27077950
6810303
1936882
27021072
2054643
6068005
26983038
2887830
26863416
2125536
20472028
26969935
10581953
1031857
10445391
1005930
