3259440
5431784
26981446
27035382
3211779
27042830
26892080
26265745
26729776
26356515
26923390
26760976
1292416
27062629
27025036
1040771
26787935
27031877
26910597
26865025
3646172
1948901
26954392
6016234
1829226
5993310
24541883
26928435
26899537
26871657
4171951
27078249
1962078
4116629
1917078
4292149
6861087
27073559
1085021
27011961
26746839
26813101
5390091
5038409
6539917
1228110
27078256
26971218
1083429
26910593
2303588
1827374
26674263
26763171
27088309
26837789
3172156
4009552
4038615
3879026
26331014
4934552
26284304
6832303
4882013
26996758
27078243
4714394
1040211
26954209
26861447
26911045
27028265
1485495
27028847
11612936
26666917
4242406
27060376
26989531
2255896
25955474
6953273
25996181
26576515
26863353
1082159
25913219
26365847
4074636
4870150
3571559
4799445
26940446
1052055
2057285
26975421
22606931
27061113
27044048
27011703
26931567
3266344
26707942
26757433
26745286
27045216
2298149
26811407
27078226
19950139
4891108
27005502
25756947
1316443
5904212
26366422
26971240
26899538
6974102
3187737
25702794
26891238
27055286
26613724
4252115
3102324
25912734
3293574
26609809
26950083
26844939
27074765
10473347
26848052
25846260
11528339
5254315
26938556
1026317
25728473
3788397
2658217
26604034
26939182
27046739
26434548
26648636
4027219
26925834
24722916
4882008
27074039
20382491
24153181
27014521
1807516
26909098
10473576
25832787
26878906
26261240
26949123
26971148
20458045
20172275
5383916
1071253
26689989
4202417
3347997
26934555
26956481
26673089
25896617
25838564
26985961
27076809
26969700
26281317
27012039
5363264
11519810
4105439
26760972
1059330
2300301
4753783
25827236
26864566
4199607
25783076
26349251
4213990
4173968
26650970
3113152
1057206
27013414
3807617
1084794
26772419
4140380
21370565
3800166
25840545
24540812
4038567
1419736
26992627
26861449
4252125
25924860
26929098
25703706
5319117
26263593
6725495
4838098
5473543
3072494
26755836
5336428
27082334
4580972
2300786
2076987
25897675
6890451
1094198
3826567
3615061
24876106
1505437
26289676
6974232
24527549
26352002
26840249
26320556
26673252
26636832
26925373
5063402
26133088
26861716
5416915
26347982
1082187
19898714
24884200
26911453
26997209
4848427
26852835
26118072
7916282
26895254
4272635
6541226
10464337
11511204
26948574
1322853
27081352
4928387
25838566
3130849
25811761
26600656
26803285
1869711
26933650
1780253
26974008
10766058
3130847
26664095
26970842
26331660
26271231
26753160
1219298
26283340
26996363
3662542
24863499
2216512
25790920
26636680
26883676
10828409
26810827
4725541
2052580
1054662
10809023
3290859
5030610
25712490
26970749
26786939
27067802
1420524
1559951
1318431
6249670
25808056
24876871
1088442
4732150
4729585
6953466
4152750
26692199
6902164
25798756
3704397
10344038
26972398
26846534
1000949
1127253
21132837
1614439
7175439
3111831
26761569
26721089
26295520
3785741
21693092
26835817
6716698
10741325
26576913
26365848
6436639
26347981
26671008
26775247
20515837
20434037
10345553
3314802
11600042
3743816
4199629
26756940
27025917
25908911
26614581
3413784
3783412
1206829
26776211
6440768
26327551
20381550
26855315
4920040
1158750
26297985
24861187
25872258
26309460
25921286
26288287
11615543
26628146
10598276
25843186
10831840
5260192
1419361
4896542
26878653
7007230
20473093
6808505
24846632
1392604
26943224
2146674
3072319
26353153
24840351
25981845
5990492
4286244
6787468
2119536
26742635
24848587
1776856
5026743
4078563
25881120
10763351
26820841
3034184
1877655
25927233
6129292
3865832
3703510
26889178
3348010
6861465
2381124
26748184
2370840
1263707
26820293
26263596
6991326
2056103
26892808
26314930
4882014
4248025
4712521
26870160
20563216
6523131
26865065
26708495
25982653
3666913
26992628
6719658
3545046
2037564
26287487
3553339
3926634
25841340
3130854
25816899
1985720
4811934
3617795
25787721
25897075
1414980
26713080
26895033
4173166
3327006
27012062
4732086
2181504
26822752
24738204
1854753
24851694
5921812
6773608
1340500
1387819
26734228
5387467
5299765
19987171
20515087
2300515
3832143
7153418
26375003
26955433
26998070
4005267
1430534
3885914
3258458
4237839
1755391
26629051
4191438
10826858
15051834
1439687
3006581
20470066
25697228
10799324
25714741
3617189
26365958
6194535
4286283
20379707
6026287
26263595
1220046
26949992
1054425
26896993
26842950
3765363
4729577
1480899
7067328
4164030
10530021
6967992
25923249
26351530
25858074
1198354
25907688
26413027
25732175
26869266
6073483
26980812
4199431
6718284
26292554
1812422
2111394
25834870
24873019
25831630
5921811
1963250
4304269
3124547
19895517
25913877
6845581
6758907
4887589
1082188
3036665
21690175
20389191
24696830
3054759
4193861
26434580
4817985
3681571
27006820
26895196
21349382
26389892
2183149
26308574
1012242
1489158
7064637
27061112
3783315
26390426
23081005
3822558
25949716
3608183
1817261
20376615
26147494
1026165
27001508
20514976
6829747
6073464
1982417
25903396
25961910
3163177
2970249
10809737
3575831
11620651
25894070
6510996
20260273
26832651
26911125
25882262
3101896
26923036
11525211
10560919
5606376
1143698
1918787
4147755
2225737
3067705
10566125
1065763
20507294
5038408
20442382
3147450
6837534
26379810
1415292
20499496
24739501
1903164
1264527
3662544
6395329
26261238
7063845
2989619
6728194
4126861
1853021
5337141
26041706
2178094
25956105
4090968
26292532
26628148
26652880
11498195
10467108
27030198
2239745
1291733
3787012
10542033
26702424
26443889
19951341
6890688
1888455
26388141
4875450
26848771
1796294
19949177
3245174
26392203
1178409
5501657
4725177
2067316
1958640
4097541
25931738
26907496
24855160
4177111
26896839
2183087
6939005
1079629
25920777
3067304
24851837
25660899
6785571
3227189
4903509
