6082808
10594787
26657570
26703649
6800379
24382569
26451351
27031869
26628811
20392523
1418058
25985982
3769738
20501761
26276924
3003477
25985126
10764013
2295912
25796049
25779593
5383804
3003258
26276279
10522844
2969263
26022097
25699387
25952961
25796061
20392525
25908110
26716997
26276923
2073481
3003466
26671805
1417385
1047370
3861531
6010144
2061444
5409459
27087311
26372186
1005255
1807562
25837539
1768642
26997145
20392524
1036947
24737018
26270304
27034274
25923437
25956992
26294048
27084961
27079479
1433739
26830570
27025898
26534971
11528305
6792277
1046483
4140447
3662751
25986497
21978753
4859582
1449641
6540230
2297216
6890669
26603456
6528126
26060679
3003460
3076529
26270303
2277795
1275172
25899380
2141646
25722953
3662742
4140451
26841613
24737025
26818889
26603441
25796128
24871648
2996061
26639311
25718880
2253798
6440374
2304072
3608208
4140448
25946553
25956991
5254269
26717934
1450915
25959838
1012956
1494992
1768635
26882676
5386403
26272542
24851836
19929596
21617753
26671810
10809020
26586452
2984507
6712400
26765925
1768556
26930572
26311014
1762649
3003475
26270301
10794370
1459060
4817889
26660775
25762414
1756103
2003626
25704584
1328025
26840134
2256926
2331179
6920255
1104762
1619472
20505446
5043484
3199998
1931644
23164130
1061482
1784905
23779483
2032569
2980279
2120559
1818384
3294650
10537920
26364332
25785958
4132715
4202386
1784900
20514827
1021547
1378663
1029998
2025027
2237337
1981412
3129676
4240499
1371373
2003215
25800692
2279147
1597929
2154912
2004338
3195179
2025032
4604786
3522383
5025768
1449959
3233902
26323408
2077227
1817011
2995380
24696685
10759954
1048990
4183604
6781124
1378662
3035116
4742532
3327174
3329988
26205894
26263556
2269899
1005002
1085530
2382340
2376664
1322786
1127724
1661416
2174139
1007182
25723384
1004035
3841336
5347700
6731444
1226618
1937042
2033440
1881371
2121572
3060581
11615171
6327404
3123967
1981774
2254120
6805144
20390120
3054936
25831578
1906344
2833141
5300216
1641097
1365695
1484854
2244192
2298663
1360981
1087611
1866283
1064252
1940584
1962134
2212249
1852969
2341441
4180361
11604578
3759651
3740294
1152134
1075712
2670566
2261441
1476956
2253850
1092580
1597163
5490801
1647536
1019063
6945996
1229421
3268642
2526093
2952338
2057529
5032742
2262340
1274955
2298872
2347042
2973332
6394464
2388754
3293382
26431618
1683439
4040043
10678979
26263508
1006080
3057339
5315113
26366832
4835714
11589320
1106389
2442715
1562087
3067068
2240859
4023166
1142934
1375180
2905494
2304586
10582459
1530392
25946338
6771214
1647091
5452063
1759986
2285042
11759631
1579019
1212372
3277438
3773169
2282689
4839484
3989539
4075923
1162629
2310173
1927396
1922469
1800532
4266727
3081274
6393450
1106390
2298871
1482144
25872623
3674578
2030771
1639132
4473176
2202852
1168802
5351020
3608015
4320970
1106203
