1054685
1767945
1014578
1883991
3344676
1449351
1003284
4872671
1426971
1418180
3642673
1023000
1015767
27081293
5401989
1061242
25886172
1082578
1073349
1027247
26981441
1262986
20425053
1830445
5252677
27039545
1059040
2143304
1072189
11505930
3391717
20278799
1273759
19965972
1073253
5289756
3860856
10537640
27091466
6902639
2025235
1025723
26986597
27032546
6539860
25844640
1017839
26937000
2156168
25741244
26263052
26679240
2052596
2082194
4031698
24706897
10597973
7055536
1949679
5321843
3225748
24876477
1427754
1006560
25811462
26801831
3033668
1474736
3866002
1004719
26976455
26662051
1071187
26782781
20499070
1438669
6802371
26397584
25944294
25958626
1037121
2339264
19986372
25804641
26314606
6969827
6877598
3662421
6711774
26291216
6904615
4915930
1049361
1876333
5982380
10549863
1067782
1761142
20499536
23774520
26921881
10761380
2194590
20510197
1313443
2359212
26665645
3289285
1053259
6528081
1880457
3768297
26819337
4104794
5908163
25849981
1955325
3920235
3033673
4323802
1048857
26164639
2060498
1001895
1980585
26278431
25917554
1394394
25905654
1065858
1033007
1024013
1441016
10344037
10466455
2760024
11505929
25768864
26828648
10749931
1768331
2213491
26260603
1022476
11601321
25919902
1444728
3433208
6125965
20387024
5296615
10864173
1070482
20383605
26956628
1066510
3354511
1006453
1015412
1468906
2362698
1071800
1980588
26944830
4604927
1899062
1781013
3344466
5383215
3003579
4035904
27037140
26340273
1310160
6528073
11601310
4822183
2035119
4717189
4723558
1974025
26148741
25857164
1439697
24845240
3914847
1962902
1049681
26314751
2066221
2152945
10517247
2033577
1059914
1317813
1438691
25812766
3028846
1026904
26805622
4261996
1856046
1326000
6852448
1461075
1018976
6068581
26853032
19986373
3587679
1084445
1004391
26691591
20432500
1017954
6791841
3067185
2255869
20499677
24748616
4023216
1442720
27034283
6519060
1426927
1855213
6966406
1974018
3887772
1850727
3181962
1360387
10520050
25828092
26982626
1005993
3060324
1005334
1006207
5265071
1051324
1037857
3294709
20270240
1145310
10578497
26889252
25886333
24527845
25875292
5399266
25734531
1040404
1053943
26854298
1069781
4744051
10432717
1030470
5423906
6843086
25907847
1870732
3011978
3067186
26807404
25744064
25887844
2089292
26877272
26280552
5908162
3813260
12278074
26826611
1030920
25953725
20435400
20489763
26744191
1438928
1005442
3793774
1424692
4844653
1204398
1983487
1468907
1463259
1797988
3767475
4322842
1069200
1411194
1032768
1045168
10876103
20492197
26715901
20458907
6890709
5399528
1104585
10480987
1451505
1046175
1664097
25884244
4256766
4729574
3628209
2310290
10493971
1071745
10430437
3223179
2993118
4146477
19934681
25804642
26260619
1439657
1025519
25924211
26683494
3554503
26253561
10446423
26393369
1898711
1094615
26823322
2974026
2699285
1062913
24719977
1021878
3714673
5401958
4746111
1449348
26757246
4742298
1443095
20477114
3008942
6024105
3554502
26497767
3289281
1291593
20435257
1753077
26658728
11527721
4934667
3170183
1258602
10607710
4908831
11583756
1449352
25745691
3986581
1031289
5994677
25815619
11500141
1987262
2025433
6826594
26784608
3289287
3644791
25709399
1053097
2077127
10488630
1919723
2046897
11599727
1059989
26215956
20495147
1042831
1475105
25703280
5391566
1039886
1019184
6863374
26883409
1082677
26807869
3533835
