26886310
1255625
1002299
1255624
1044547
26989242
1919201
1212893
24324704
24529235
5423803
3532347
1070851
27079142
1109968
2218216
1089512
1264579
1422833
1461898
1057444
1805988
27025053
4118599
4252115
26897494
1089521
1430909
26386370
2284204
1093078
5367304
26365250
1668021
1793132
5355300
1041684
4709682
1089511
20400003
1425636
2079345
1089523
1789842
2008976
1089517
5336428
1076045
20280758
26383472
4252125
3236155
2249412
1493256
6901374
26890239
1256186
1768100
2342840
6560171
25714176
1050640
1068308
1607112
3924481
2114580
26134061
1480630
1089518
4898668
3863359
1478487
26772499
6851076
1261471
4718389
11599245
6793874
26702984
1312997
1773129
1062514
5367303
1014533
5405062
1052380
6802392
25887999
1961970
4250750
1704006
1607113
21714399
26949672
1683659
1511965
1014493
1089515
3816834
6023867
3761916
1313156
1082573
1010520
1088088
3275069
1313159
1502083
4040223
1844850
2298345
1004128
3891614
3567802
3528109
1276930
26133411
25868476
1055976
1089510
1271593
4835660
3550509
3863355
10607793
6795834
3260302
26763010
4827396
26283340
3057119
11613971
1681426
1136998
27001680
1440611
1617438
3211103
26416533
2212712
3178968
26844866
1964560
1824256
1088904
1349092
1059644
25919826
4224119
2009119
1692012
1089513
1459615
10488635
25890348
1089519
1925201
3114310
2212711
3001340
3938304
6737930
1919221
1426214
1810238
2078219
1443458
25732720
3577800
6525627
3128115
1089509
6813394
3336960
3873891
26988170
2083826
27001118
24335631
2117066
6514321
2077528
1455373
1762129
25886167
1829534
6522069
20469509
2003987
3121041
3345618
3346165
1033866
2029578
1261296
4783285
20516996
1460275
1899883
1845109
3336964
1738639
1738640
1449225
4167114
1844851
5984668
20388735
1987495
26839169
2011423
3095338
5976423
3882631
3310839
2257729
3336953
1021605
1430910
3127813
3348317
26904522
6795815
3070511
1203452
21328860
1429203
20516994
27024303
1048265
3884303
20516997
25751764
4167100
1964473
2034946
1879024
20516993
27001508
3032934
4027476
1102463
2080619
24720954
1844849
3053425
1981376
4907410
5348172
2595345
1490048
3313239
1334477
2214421
1455053
2081997
10729469
4264090
1792435
3183038
1437120
4216630
2292275
1491421
2351258
26247316
1438712
20503526
1801948
1926152
2170313
4024493
10574383
3392301
3186972
25746620
1820944
1511646
5991565
2079474
26313480
26706745
5419832
10463025
1117078
1607100
10529099
10753937
1545901
10463026
26381143
25805093
4087950
4156817
2120720
26256621
10463027
3528110
1310316
4056547
26642038
1738649
6873448
26642037
2351259
1513095
1041763
2239746
26635636
3539275
3126696
25881245
4900280
27058803
1916921
1007178
1089535
3522681
6057663
3348124
1042193
1582491
4184162
1421006
1189078
4925162
3179889
3348129
26739632
1420370
3671747
1313158
4943562
1209673
26266175
1019292
10463028
1316622
1290352
2257004
2268846
24705157
1738651
2245856
21240802
10574384
2034955
25727383
2213781
25861829
2212713
1692009
3032755
2111183
1738644
3208240
2924564
2329276
1012995
1264931
3810671
1546516
1489614
27085193
1337318
3186992
1512741
3070863
1117129
3767519
1045218
1337319
2057281
3014601
1076760
2058344
20393727
1399835
3424992
6391887
1424858
4210374
1089514
6793881
2100836
4881026
3107006
10946105
1166357
1114693
1118323
4136496
1921630
25805095
10606775
1585798
1845110
1264578
26368207
3416267
3348134
3031854
1189081
1166806
1918498
26927998
2170250
1491647
6938133
26681246
1999118
25805096
1089522
6392680
1042795
20003328
10482367
4250763
25962249
1437859
1117130
2039438
2189744
20255020
2334368
5382067
1310219
4922030
3018373
1054015
1513060
1117133
1815818
2092601
5038400
3346161
1449302
2311795
2237382
1500020
3223039
3348230
10530039
2367883
2256506
1443265
26836972
20398142
4313092
26320888
2127453
25901598
3266340
1025661
25980517
4101205
1704005
3074626
25932509
10760344
1088934
20397334
1607114
3186988
24858338
25717331
2056315
1485480
1165105
1607079
5449219
6124346
26331673
2974803
1114660
1917603
2079469
1774213
3824113
1914095
20397344
5341523
6726746
3929385
1512982
1172466
27014521
1900002
26810666
1667143
4823285
20381617
2970884
6425332
1012894
2244238
20397343
4119068
1118322
1316623
2992094
25770032
1189057
1041810
1097515
5984933
1089520
3869937
2005778
3423697
1313373
1089043
1089516
7052226
3805096
3671354
1337316
1118324
26782037
2249102
1829201
10542977
1489844
1163085
2305269
3358979
20397341
1443082
1738638
10600112
2334395
4057010
2383071
3053429
3561410
3348221
3082876
2170600
26981907
3067656
2220644
1052014
5333425
1668056
1008043
3800409
2362438
4941660
2223205
24740296
25870758
1912524
1607092
4909210
2074331
2993673
3215387
2220693
1687345
1043104
1578130
26304533
1114696
19934505
3539081
1582490
3053420
3412135
2007292
1963602
1068475
2363548
1924531
2130863
20449891
3101371
1511748
1056335
2171802
1168270
4253224
3348241
1430605
4250832
1083257
1013895
5979743
10825439
2080157
24699367
1538945
2273559
3659548
10487098
1822764
26994186
1189056
1467210
1156538
10760341
1084785
25786825
6873701
1089042
25961889
10773193
1635803
4041247
26278678
3672648
26265914
5958837
2370406
26879801
1052072
3053432
26921343
2377138
1872902
1703539
3070555
4156826
25823874
1457914
3217035
1054448
3894603
3672651
2567336
25852259
3550630
2337129
3558777
1114661
1033495
1263089
3982838
1449212
1065091
1511828
