27072981
27059487
27004871
20470917
26662689
26963322
4071859
26975609
26783041
1474773
25709685
26755503
26376049
26819342
26794876
2334065
27055849
27038832
26909607
26883960
25775445
27003014
26695177
1002898
27081128
26314627
27055840
25907864
4188697
26869695
26602392
1204889
4934332
26953603
26895508
26577096
27060579
26958895
19963546
26369210
4075203
1221515
26684198
27055853
26980566
4727293
5949213
27079097
26906378
25733467
26953601
2065597
27069576
27021030
26589018
26924424
6435810
26987885
26958882
26370384
1461583
20470916
26953599
26980570
27032472
26603439
1474842
2064977
1540211
6114393
26779251
1467492
20470913
1467239
1440468
2171321
1103990
27077687
2209776
25850457
26775078
26807920
1459623
26906382
23780875
26642650
26827227
3074263
27072516
1853785
1418297
1937357
1476003
26825522
3102905
6517431
26997263
1442680
3095638
3395865
1213700
26383997
27064484
26634871
20372707
19974860
1626776
26939973
10945834
26905143
1092614
26614368
1180108
10565975
6890451
26591912
1421921
2067269
1138986
25868407
2301377
26806721
26693438
1417577
27032613
4055487
3114973
26883964
1370274
26840504
1776127
26278402
6967919
27064478
27039424
20470914
3213367
26925373
5906052
26603443
26892737
3176553
1389960
2066868
1442678
26646733
25709105
24847411
27004537
26939959
3134191
4727295
1441241
2128365
26904058
25934646
11632564
25790386
7060214
26794875
26988950
1452610
26345261
1009273
4837454
11522532
26832895
1388169
26953608
26797183
5367332
1467599
1937583
10529412
2268711
1216035
26909780
5399602
26913321
3714244
6718193
2269669
26429140
10529543
25818005
6511015
1947668
3059083
1424694
1792954
26754045
26733785
1482502
3421741
26610794
1449957
3414452
1932095
2123957
10563612
1916634
4324975
26600657
26767925
1424501
1434525
1016845
3138879
4010128
6784859
25811761
26958057
3264778
19967857
3114959
1848193
1394253
3094201
1329941
2087603
3785179
11619743
1800714
26370164
2458039
2072259
1226062
1386229
27064941
1401840
2043313
1226201
6094586
2285572
3138803
24289267
24716772
10759335
3930339
26848844
3057111
4047026
1995171
20390101
2074155
2994915
5293424
27011193
24745051
1764915
27015067
1364773
3150093
26681602
1456203
1439894
1784458
6856422
27057695
4739494
3154545
1346283
25795723
1437776
3276262
2087601
1210303
1392604
27044573
3313342
26325180
25880151
1785626
4809796
26958896
5992519
4219728
25982252
1370245
2228794
2127207
1442676
20257127
1455527
25799703
4061279
11639625
1351614
3150009
1020407
26948371
25799687
27015621
26998108
3000468
27043808
14278383
26818144
1857022
26956734
2345597
11622283
3142127
4404766
27005443
1416955
25711585
2087599
27032618
1080758
4010125
26702984
1427788
26280915
26993018
4066638
4010127
5907491
1417778
26642029
1006418
27039503
1481362
10511365
26695174
27045865
1374272
2130986
26877340
3373869
3789596
1045718
1983031
2003176
6790841
26642025
26922076
2113859
26802130
26925314
26659486
1039572
25986415
3021613
3259511
1458194
27048698
3376905
2246773
1483797
3772797
2050761
3437246
2078611
25946370
26258748
4846010
26278203
1614439
7056972
26367556
26840523
20469374
2378861
3134967
1474688
3129820
3184483
2271582
26272656
1769765
26772930
1010128
26582360
25745889
26613709
3710653
11628722
5312958
26990359
25789736
1948769
3180449
1922807
27047673
3996036
4782808
2129427
26881891
1763759
3113728
26008099
26324467
1946382
1582541
2225512
1957870
26803092
11581273
3034386
25789789
26964935
2380369
1226200
1073993
26815038
25829389
4906035
1919644
25739928
3122531
26599496
2128143
6396386
4010147
1467333
1193821
6532566
6431143
1436862
4827789
1983222
6001310
3081701
1998020
24876143
1050911
2244267
2079352
26769766
26326526
4186109
1753798
2147002
3642625
4186113
26712624
1964044
25857969
5363436
4000102
20388106
24739135
21362229
3068623
1874974
1424570
5948941
3202110
3443803
26948374
4173551
27028609
11522531
26950489
3683002
2062869
25707505
1080586
26961512
1769773
1932275
1399945
1781300
24846037
4638933
26396730
1067728
5501670
3711815
2335111
1428451
26417951
2171584
26860145
1471532
1921479
3173236
1291610
1171912
11583978
26668640
1481371
2978969
1007890
26858853
1068437
4878168
20450967
25887816
1442681
1010160
1902260
3191890
25946417
3114952
1521216
26916804
1916248
3109740
26765619
6750685
26661116
1418032
1442682
27028450
4638931
1428691
1891870
3026511
1057645
1833245
1499152
1082404
5906141
25820299
1337279
3890046
3065341
5906059
2297061
24751049
4861222
26305393
20416178
6870068
26919356
26789646
10770708
4829597
1949676
25727153
25789813
26589615
5960874
26915348
25790669
3071759
1578115
1066462
27017273
1410555
26949478
2078991
3024207
25892217
26028247
1440553
3631241
10606490
1748903
3277995
6998404
25971870
25700563
25785763
22171973
26613906
26611782
6265806
24844166
26606363
3289922
1436997
3104881
2994917
2004395
3714465
24893711
3245942
2159569
10571368
3061789
1467506
