5431784
6781808
27045888
26425831
26576861
1068920
26981446
26295448
27068817
1027191
26818878
26893260
26630480
1062193
26382433
26755503
3813669
6811366
27037182
1829226
26340138
26845199
27000152
1431870
27001119
27043711
26120130
25829693
1424741
1041385
1865089
1005492
4010969
26356515
4105446
26371317
27007881
1008988
1939182
27032518
1442869
1316648
26890281
26787935
26586492
1917972
1092335
2302217
27012140
26598807
1144185
1336330
6401128
26853060
1481311
26984949
26838873
3112726
26945641
1465324
1014825
26269845
3826899
19962936
10569619
26939261
26939182
2052049
26783041
27046024
1870268
1064275
5920385
26264967
24107596
6798611
1052074
1321790
1056315
1220853
26860776
3151990
26053771
1794620
1051193
26992884
26364209
1040771
2194123
25881102
3888110
26676528
25751763
3697494
1225983
4761615
6746290
25709685
26765928
3013903
20507206
26295450
26300508
26776967
26794598
3335362
26831234
26936410
25844463
3090810
5375620
6016234
25731402
25924242
27055171
3888123
26952226
26747208
6892579
26954392
24715686
26801537
4071842
26341546
2161892
26823134
4245064
24715669
26895508
1015767
26897747
26602392
3178741
24541883
1048930
26787941
26864983
4105439
1036274
1258490
5408882
26801361
5297291
26390426
27085617
3640067
3926717
3326892
1762869
26701098
3316438
3393056
2170030
25900802
26862626
3347997
2005481
26436067
26870453
6827362
3320694
26985049
20380988
1329403
4882052
27090342
26264973
1972412
25708550
26909081
3747044
25805143
3033690
2568067
25942069
3163104
26279878
27030380
25736982
4894979
2255896
10763170
26653460
4856199
20259527
11601218
24529162
20390695
1949417
6428983
26672408
26389895
26787940
26835963
1034847
26823150
26998358
26274359
24838958
3431637
26759508
26284463
6429781
3137289
2981480
1082159
26699004
1036478
1277259
3438303
4908957
10749394
1702679
26938537
1255006
25986620
19976381
1072319
6085417
4953707
25871958
24838971
10521470
3571559
26740070
1391510
27039479
5911531
26702041
26902311
5996568
21681263
3816895
1031956
26753478
1053623
26755625
4742971
3563287
26260335
1000579
11528311
25919821
26953257
4242406
26427244
26341543
1186350
26592899
26337663
5321894
25859093
3264211
1030200
1174722
26436987
26772226
24153098
26435630
3253854
2117871
25808977
26738494
26982739
6025832
26617142
4138066
3420221
26838224
25912159
3558787
1052055
4832482
1022238
1271862
1069507
1393426
26642650
25729024
3689121
6010156
11597373
1292322
3310627
4220020
26314063
2064688
25775003
4230636
1783021
26707942
25807918
11628722
24523678
24753401
26389897
6784957
1965977
26994771
26892088
24944340
26992822
1507437
1768332
6004602
1083316
24853136
5942569
1958871
26708248
5348296
26831765
5321843
26640805
1098639
27063276
5038509
25913147
5996569
2214344
26832061
3227478
26574813
1258489
3223711
27012340
26305332
1211267
20473872
5416922
26883044
4891108
22606919
26692643
25756947
26043606
1316443
26275049
26297802
6831032
25777331
2050767
10282582
24839553
3111928
10567711
1427831
26909388
1429566
10532684
3228779
6720777
26378573
1766685
3091295
25900689
26831766
26938584
4846032
27037093
25854138
1058414
26661075
26413155
26862478
26787943
6720539
7063852
26997343
6540232
27008697
26874760
4202342
6973686
26840504
5289426
6859959
3689094
27060577
6868806
26884338
2032117
26892787
26108260
2372670
2972992
26956018
26628145
25758646
1182890
2265995
20003446
3293574
26263053
26997217
25998242
1071227
6157548
3404727
10945834
26420844
1918353
3017205
25778124
26383997
25876641
2061863
1823052
25827534
4160483
26895119
10473347
3834938
1803641
26371154
1951440
4217139
24713564
6607708
26389898
15047243
1424569
25751995
21690069
20380987
6973020
1948429
26315805
27081111
24738208
1271212
26213988
6982715
1026317
2300010
2074070
25728473
1053174
5980471
7004244
1486619
25871899
2082044
26286305
10539126
1258491
26320047
25858710
1010204
1945004
10829270
1090877
26861450
1883349
2223937
4299250
1019858
4057097
26592413
