1336330
27035382
25826936
1077492
1041007
1063401
27000960
1071241
26469245
1009257
2295163
1039487
21979017
1432596
1040104
1028779
1013129
20370889
1986291
1464203
20273030
1059406
3210843
3210683
25782292
3338175
1071794
1434038
2057291
1058759
1461652
1458377
2304072
1029475
1430871
3419241
10763425
1344161
3698543
2141646
1908361
1084341
6390599
10763426
19949017
10763428
2117552
20562025
26607921
1736652
26847177
4853177
1000353
2061444
6390601
20273033
1980686
1232186
1774750
2226171
25829274
4604958
4847645
6394238
2281184
4842735
6779988
26783152
27019423
26811967
25760119
26818782
1220219
7047307
4604928
4100304
20492384
5326148
3253866
3219393
1986463
20273032
1452766
3807481
20469397
5367354
26274437
4863294
24371375
10763427
7056972
26267087
2378291
26931257
3864469
25886997
1351900
2052257
6426478
4850427
1461660
7047308
26874239
10608472
1786262
20492383
2510295
1786264
26640819
5912709
1452779
21993088
21993087
26956479
3577344
24371376
1029928
6774137
2372031
3188433
1461653
1461655
10608470
1256220
10488616
2133270
5367352
26829573
10608473
6064691
26320157
20383692
6779365
25831096
24876144
1082632
26545120
7047305
1084416
20003448
6901647
2993543
1423193
3053047
20381804
1151090
19976166
1158291
26591328
10488618
11628195
1095495
1875550
4051727
26041706
3218732
2106932
2158211
1949400
2012562
3680885
3108896
20381801
1486170
26874231
3056871
1906800
4828326
25697249
21993097
1067243
26156642
5910862
5999202
4842901
1082126
4114025
1048526
21993086
20057050
1018328
24840349
2133273
26435002
2118752
1915961
6082808
25880088
3613344
1461657
1926830
1036445
1436787
1146991
20366855
1848885
1733132
1909444
1102691
1054380
3161399
20626430
2106926
25799392
1071764
2260149
3084682
10732928
1365337
20381803
1749944
26413654
5373350
10540254
25880072
3053066
1783560
25778124
2020133
1471989
1461658
6535940
1914932
6720614
10789867
1220201
1340583
1532239
10749904
1066059
1790986
10797274
4754173
1131593
19895991
3818049
1096713
19985133
1125622
3026840
25880074
3753928
10433824
6749781
1420829
3226083
25757883
19959666
26694853
2997775
1783569
24358147
2004220
21993090
20383691
1052424
3897534
6885562
20418271
2331243
1947168
3055982
1475705
4827135
11604605
3053065
26322821
4606356
1163002
11628197
3120870
26636461
26890883
26275915
2884355
1956044
6827456
22499412
6527864
1958159
6104749
6523136
5415544
10520622
1096714
6973805
4162302
5915726
1970544
25918823
11391702
3725128
2117551
11628194
10433307
2194059
2407931
1320263
1939182
2328243
1684691
5407012
1458980
1783567
4713509
26832505
10429366
7055289
1131441
7175447
1498844
1263762
10798421
3315827
1157784
2154845
3546460
1783564
1349868
3535092
1023994
3155055
25902146
10801181
3193028
3034107
3214774
5956075
1375163
5977442
26428996
2230869
1822752
20283554
2338995
1200735
1220901
1674824
10518748
21248839
6964051
1981037
26428995
5401502
3004944
1384700
25634246
3013970
6964047
3767299
10420387
1053532
1763200
1030490
6021105
1585596
1102671
26898326
2334065
5993314
6532121
7916035
5445894
21993089
10580816
11232883
4729530
1009076
2329083
6970418
25812974
20275457
2996994
1050866
4812892
1461898
1011424
6722885
6953908
2025613
1148309
1326897
24751077
1526172
1401663
10742330
25861674
24847431
1016505
3025898
25901999
6395810
3244029
11505944
6793131
2715549
6523880
3485760
2193523
20425880
1391941
1817625
25779593
25830759
3083697
10546528
20514827
1043298
6990038
20458152
6109877
6725053
1257054
10439966
1742707
1430876
25880068
2034224
21327188
26776727
1277508
5912711
4812891
1792073
1076142
5922432
1872356
3297636
6558035
2983329
25713221
25954325
6853031
3582867
10464665
3360582
5026635
1175951
2244604
2133275
21318974
6841423
1391942
3123076
2775769
5415452
6718318
1264794
2381560
3364853
6837939
1151134
1036658
3058812
25936000
1309411
1538111
10735444
1343458
2194002
4176604
1084335
1845112
3723866
1834427
24706892
2174151
3921438
26362231
25853164
1489792
1098716
10825608
20273513
2247396
1225060
5421748
17764063
1180119
3063128
1216871
10567240
1464738
24882304
1706024
1278750
1082332
1256217
10521834
1446827
1102673
6443326
2269422
3162913
1945959
1804944
1805028
1182273
11502271
2182725
6990036
26347973
3045407
10549036
24874066
25795506
1077115
3015475
1897027
6523138
3238862
24383253
2996273
2300010
1328213
3784144
7062818
3679840
25839365
2275747
4828946
1919700
3124525
2999355
1290193
1398539
1446826
20503658
3015444
1848884
1872363
1783573
1085536
1283516
11621077
6265776
25857006
4830812
6887522
3063111
2980608
1489079
11502292
1221329
2056686
1082746
1148310
10597790
1822753
2040450
10740040
3059435
3123068
1446901
6725054
6710436
1258182
1110039
25742768
1834243
5355702
1158279
3015795
1107090
26735019
24396666
2013610
1257053
11632944
4565831
6393314
24758199
2244644
6070504
3523728
2336758
3698219
1804980
3289916
2062439
25902192
25902196
1171037
4227544
1897653
10956651
2076454
6793756
4214004
2343476
5260237
4266084
26377359
1394318
3210923
1427309
2100019
1135637
3907344
1962224
4252770
7047309
2970044
1582486
1170983
1028630
2998201
2204062
6026146
1677118
10482194
3214779
1207829
1309800
1313156
3174112
1224896
5318773
21236742
25902195
